 ---------------------------------------------------------
                                                          
                      Using Pyscf:
                                                          
 ---------------------------------------------------------
                                                          
converged SCF energy = -74.9629055771195

System and Method:
[('O', (0, 0, 0)), ('H', (0.95700111, 0.0, 0.0)), ('H', (-0.23961394, 0.0, 0.92651836))]
Basis set                                      :       sto3g
Number of Orbitals                             :         7
Number of electrons                            :        10
Nuclear Repulsion                              :    9.1969230837 
Electronic SCF energy                          :  -84.1598286608 
SCF Energy                                     :  -74.9629055771
 AO->MO
 NElectrons:    4    4
 ecore: -60.66249228
 ERIs in the active-space:
(6, 6, 6, 6)    0.01036800 Mb
 n_orb:    6
 n_a  :    4
 n_b  :    4
 HF Energy: -74.96290558
 Build reference state with    4 alpha and    4 beta electrons [0, 2, 4, 6, 1, 3, 5, 7]
 State    0: -75.01228076 au  <S2>:  -0.00000000
 Form singlet GSD operators
 Number of operators:  330
           (1' 0  ) : 00 11 00 11 
           (2' 0  ) : 00 11 00 11 
           (3' 0  ) : 00 11 00 11 
           (4' 0  ) : 00 11 00 11 
           (5' 0  ) : 00 11 00 11 
           (2' 1  ) : 00 11 00 11 
           (3' 1  ) : 00 11 00 11 
           (4' 1  ) : 00 11 00 11 
           (5' 1  ) : 00 11 00 11 
           (3' 2  ) : 00 11 00 11 
           (4' 2  ) : 00 11 00 11 
           (5' 2  ) : 00 11 00 11 
           (4' 3  ) : 00 11 00 11 
           (5' 3  ) : 00 11 00 11 
           (5' 4  ) : 00 11 00 11 
     (0' 0' 1  0  ) : 1010 0110 1010 1001 
     (0' 0' 2  0  ) : 1010 0110 1010 1001 
     (0' 0' 3  0  ) : 1010 0110 1010 1001 
     (0' 0' 4  0  ) : 1010 0110 1010 1001 
     (0' 0' 5  0  ) : 1010 0110 1010 1001 
     (0' 0' 1  1  ) : 1010 1010 
     (0' 0' 2  1  ) : 1010 0110 1010 1001 
     (0' 0' 3  1  ) : 1010 0110 1010 1001 
     (0' 0' 4  1  ) : 1010 0110 1010 1001 
     (0' 0' 5  1  ) : 1010 0110 1010 1001 
     (0' 0' 2  2  ) : 1010 1010 
     (0' 0' 3  2  ) : 1010 0110 1010 1001 
     (0' 0' 4  2  ) : 1010 0110 1010 1001 
     (0' 0' 5  2  ) : 1010 0110 1010 1001 
     (0' 0' 3  3  ) : 1010 1010 
     (0' 0' 4  3  ) : 1010 0110 1010 1001 
     (0' 0' 5  3  ) : 1010 0110 1010 1001 
     (0' 0' 4  4  ) : 1010 1010 
     (0' 0' 5  4  ) : 1010 0110 1010 1001 
     (0' 0' 5  5  ) : 1010 1010 
     (1' 0' 2  0  ) : 0000 1111 1010 0101 1001 0110 0000 1111 1010 0101 0110 1001 
     (1' 0' 2  0  ) : 1010 0101 1001 0110 1010 0101 0110 1001 
     (1' 0' 3  0  ) : 0000 1111 1010 0101 1001 0110 0000 1111 1010 0101 0110 1001 
     (1' 0' 3  0  ) : 1010 0101 1001 0110 1010 0101 0110 1001 
     (1' 0' 4  0  ) : 0000 1111 1010 0101 1001 0110 0000 1111 1010 0101 0110 1001 
     (1' 0' 4  0  ) : 1010 0101 1001 0110 1010 0101 0110 1001 
     (1' 0' 5  0  ) : 0000 1111 1010 0101 1001 0110 0000 1111 1010 0101 0110 1001 
     (1' 0' 5  0  ) : 1010 0101 1001 0110 1010 0101 0110 1001 
     (1' 0' 1  1  ) : 1010 1001 1010 0110 
     (1' 0' 2  1  ) : 0000 1111 1010 0101 1001 0110 0000 1111 1010 0101 0110 1001 
     (1' 0' 2  1  ) : 1010 0101 1001 0110 1010 0101 0110 1001 
     (1' 0' 3  1  ) : 0000 1111 1010 0101 1001 0110 0000 1111 1010 0101 0110 1001 
     (1' 0' 3  1  ) : 1010 0101 1001 0110 1010 0101 0110 1001 
     (1' 0' 4  1  ) : 0000 1111 1010 0101 1001 0110 0000 1111 1010 0101 0110 1001 
     (1' 0' 4  1  ) : 1010 0101 1001 0110 1010 0101 0110 1001 
     (1' 0' 5  1  ) : 0000 1111 1010 0101 1001 0110 0000 1111 1010 0101 0110 1001 
     (1' 0' 5  1  ) : 1010 0101 1001 0110 1010 0101 0110 1001 
     (1' 0' 2  2  ) : 1010 1001 1010 0110 
     (1' 0' 3  2  ) : 0000 1111 1010 0101 1001 0110 0000 1111 1010 0101 0110 1001 
     (1' 0' 3  2  ) : 1010 0101 1001 0110 1010 0101 0110 1001 
     (1' 0' 4  2  ) : 0000 1111 1010 0101 1001 0110 0000 1111 1010 0101 0110 1001 
     (1' 0' 4  2  ) : 1010 0101 1001 0110 1010 0101 0110 1001 
     (1' 0' 5  2  ) : 0000 1111 1010 0101 1001 0110 0000 1111 1010 0101 0110 1001 
     (1' 0' 5  2  ) : 1010 0101 1001 0110 1010 0101 0110 1001 
     (1' 0' 3  3  ) : 1010 1001 1010 0110 
     (1' 0' 4  3  ) : 0000 1111 1010 0101 1001 0110 0000 1111 1010 0101 0110 1001 
     (1' 0' 4  3  ) : 1010 0101 1001 0110 1010 0101 0110 1001 
     (1' 0' 5  3  ) : 0000 1111 1010 0101 1001 0110 0000 1111 1010 0101 0110 1001 
     (1' 0' 5  3  ) : 1010 0101 1001 0110 1010 0101 0110 1001 
     (1' 0' 4  4  ) : 1010 1001 1010 0110 
     (1' 0' 5  4  ) : 0000 1111 1010 0101 1001 0110 0000 1111 1010 0101 0110 1001 
     (1' 0' 5  4  ) : 1010 0101 1001 0110 1010 0101 0110 1001 
     (1' 0' 5  5  ) : 1010 1001 1010 0110 
     (2' 0' 3  0  ) : 0000 1111 1010 0101 1001 0110 0000 1111 1010 0101 0110 1001 
     (2' 0' 3  0  ) : 1010 0101 1001 0110 1010 0101 0110 1001 
     (2' 0' 4  0  ) : 0000 1111 1010 0101 1001 0110 0000 1111 1010 0101 0110 1001 
     (2' 0' 4  0  ) : 1010 0101 1001 0110 1010 0101 0110 1001 
     (2' 0' 5  0  ) : 0000 1111 1010 0101 1001 0110 0000 1111 1010 0101 0110 1001 
     (2' 0' 5  0  ) : 1010 0101 1001 0110 1010 0101 0110 1001 
     (2' 0' 1  1  ) : 1010 1001 1010 0110 
     (2' 0' 2  1  ) : 0000 1111 1010 0101 1001 0110 0000 1111 1010 0101 0110 1001 
     (2' 0' 2  1  ) : 1010 0101 1001 0110 1010 0101 0110 1001 
     (2' 0' 3  1  ) : 0000 1111 1010 0101 1001 0110 0000 1111 1010 0101 0110 1001 
     (2' 0' 3  1  ) : 1010 0101 1001 0110 1010 0101 0110 1001 
     (2' 0' 4  1  ) : 0000 1111 1010 0101 1001 0110 0000 1111 1010 0101 0110 1001 
     (2' 0' 4  1  ) : 1010 0101 1001 0110 1010 0101 0110 1001 
     (2' 0' 5  1  ) : 0000 1111 1010 0101 1001 0110 0000 1111 1010 0101 0110 1001 
     (2' 0' 5  1  ) : 1010 0101 1001 0110 1010 0101 0110 1001 
     (2' 0' 2  2  ) : 1010 1001 1010 0110 
     (2' 0' 3  2  ) : 0000 1111 1010 0101 1001 0110 0000 1111 1010 0101 0110 1001 
     (2' 0' 3  2  ) : 1010 0101 1001 0110 1010 0101 0110 1001 
     (2' 0' 4  2  ) : 0000 1111 1010 0101 1001 0110 0000 1111 1010 0101 0110 1001 
     (2' 0' 4  2  ) : 1010 0101 1001 0110 1010 0101 0110 1001 
     (2' 0' 5  2  ) : 0000 1111 1010 0101 1001 0110 0000 1111 1010 0101 0110 1001 
     (2' 0' 5  2  ) : 1010 0101 1001 0110 1010 0101 0110 1001 
     (2' 0' 3  3  ) : 1010 1001 1010 0110 
     (2' 0' 4  3  ) : 0000 1111 1010 0101 1001 0110 0000 1111 1010 0101 0110 1001 
     (2' 0' 4  3  ) : 1010 0101 1001 0110 1010 0101 0110 1001 
     (2' 0' 5  3  ) : 0000 1111 1010 0101 1001 0110 0000 1111 1010 0101 0110 1001 
     (2' 0' 5  3  ) : 1010 0101 1001 0110 1010 0101 0110 1001 
     (2' 0' 4  4  ) : 1010 1001 1010 0110 
     (2' 0' 5  4  ) : 0000 1111 1010 0101 1001 0110 0000 1111 1010 0101 0110 1001 
     (2' 0' 5  4  ) : 1010 0101 1001 0110 1010 0101 0110 1001 
     (2' 0' 5  5  ) : 1010 1001 1010 0110 
     (3' 0' 4  0  ) : 0000 1111 1010 0101 1001 0110 0000 1111 1010 0101 0110 1001 
     (3' 0' 4  0  ) : 1010 0101 1001 0110 1010 0101 0110 1001 
     (3' 0' 5  0  ) : 0000 1111 1010 0101 1001 0110 0000 1111 1010 0101 0110 1001 
     (3' 0' 5  0  ) : 1010 0101 1001 0110 1010 0101 0110 1001 
     (3' 0' 1  1  ) : 1010 1001 1010 0110 
     (3' 0' 2  1  ) : 0000 1111 1010 0101 1001 0110 0000 1111 1010 0101 0110 1001 
     (3' 0' 2  1  ) : 1010 0101 1001 0110 1010 0101 0110 1001 
     (3' 0' 3  1  ) : 0000 1111 1010 0101 1001 0110 0000 1111 1010 0101 0110 1001 
     (3' 0' 3  1  ) : 1010 0101 1001 0110 1010 0101 0110 1001 
     (3' 0' 4  1  ) : 0000 1111 1010 0101 1001 0110 0000 1111 1010 0101 0110 1001 
     (3' 0' 4  1  ) : 1010 0101 1001 0110 1010 0101 0110 1001 
     (3' 0' 5  1  ) : 0000 1111 1010 0101 1001 0110 0000 1111 1010 0101 0110 1001 
     (3' 0' 5  1  ) : 1010 0101 1001 0110 1010 0101 0110 1001 
     (3' 0' 2  2  ) : 1010 1001 1010 0110 
     (3' 0' 3  2  ) : 0000 1111 1010 0101 1001 0110 0000 1111 1010 0101 0110 1001 
     (3' 0' 3  2  ) : 1010 0101 1001 0110 1010 0101 0110 1001 
     (3' 0' 4  2  ) : 0000 1111 1010 0101 1001 0110 0000 1111 1010 0101 0110 1001 
     (3' 0' 4  2  ) : 1010 0101 1001 0110 1010 0101 0110 1001 
     (3' 0' 5  2  ) : 0000 1111 1010 0101 1001 0110 0000 1111 1010 0101 0110 1001 
     (3' 0' 5  2  ) : 1010 0101 1001 0110 1010 0101 0110 1001 
     (3' 0' 3  3  ) : 1010 1001 1010 0110 
     (3' 0' 4  3  ) : 0000 1111 1010 0101 1001 0110 0000 1111 1010 0101 0110 1001 
     (3' 0' 4  3  ) : 1010 0101 1001 0110 1010 0101 0110 1001 
     (3' 0' 5  3  ) : 0000 1111 1010 0101 1001 0110 0000 1111 1010 0101 0110 1001 
     (3' 0' 5  3  ) : 1010 0101 1001 0110 1010 0101 0110 1001 
     (3' 0' 4  4  ) : 1010 1001 1010 0110 
     (3' 0' 5  4  ) : 0000 1111 1010 0101 1001 0110 0000 1111 1010 0101 0110 1001 
     (3' 0' 5  4  ) : 1010 0101 1001 0110 1010 0101 0110 1001 
     (3' 0' 5  5  ) : 1010 1001 1010 0110 
     (4' 0' 5  0  ) : 0000 1111 1010 0101 1001 0110 0000 1111 1010 0101 0110 1001 
     (4' 0' 5  0  ) : 1010 0101 1001 0110 1010 0101 0110 1001 
     (4' 0' 1  1  ) : 1010 1001 1010 0110 
     (4' 0' 2  1  ) : 0000 1111 1010 0101 1001 0110 0000 1111 1010 0101 0110 1001 
     (4' 0' 2  1  ) : 1010 0101 1001 0110 1010 0101 0110 1001 
     (4' 0' 3  1  ) : 0000 1111 1010 0101 1001 0110 0000 1111 1010 0101 0110 1001 
     (4' 0' 3  1  ) : 1010 0101 1001 0110 1010 0101 0110 1001 
     (4' 0' 4  1  ) : 0000 1111 1010 0101 1001 0110 0000 1111 1010 0101 0110 1001 
     (4' 0' 4  1  ) : 1010 0101 1001 0110 1010 0101 0110 1001 
     (4' 0' 5  1  ) : 0000 1111 1010 0101 1001 0110 0000 1111 1010 0101 0110 1001 
     (4' 0' 5  1  ) : 1010 0101 1001 0110 1010 0101 0110 1001 
     (4' 0' 2  2  ) : 1010 1001 1010 0110 
     (4' 0' 3  2  ) : 0000 1111 1010 0101 1001 0110 0000 1111 1010 0101 0110 1001 
     (4' 0' 3  2  ) : 1010 0101 1001 0110 1010 0101 0110 1001 
     (4' 0' 4  2  ) : 0000 1111 1010 0101 1001 0110 0000 1111 1010 0101 0110 1001 
     (4' 0' 4  2  ) : 1010 0101 1001 0110 1010 0101 0110 1001 
     (4' 0' 5  2  ) : 0000 1111 1010 0101 1001 0110 0000 1111 1010 0101 0110 1001 
     (4' 0' 5  2  ) : 1010 0101 1001 0110 1010 0101 0110 1001 
     (4' 0' 3  3  ) : 1010 1001 1010 0110 
     (4' 0' 4  3  ) : 0000 1111 1010 0101 1001 0110 0000 1111 1010 0101 0110 1001 
     (4' 0' 4  3  ) : 1010 0101 1001 0110 1010 0101 0110 1001 
     (4' 0' 5  3  ) : 0000 1111 1010 0101 1001 0110 0000 1111 1010 0101 0110 1001 
     (4' 0' 5  3  ) : 1010 0101 1001 0110 1010 0101 0110 1001 
     (4' 0' 4  4  ) : 1010 1001 1010 0110 
     (4' 0' 5  4  ) : 0000 1111 1010 0101 1001 0110 0000 1111 1010 0101 0110 1001 
     (4' 0' 5  4  ) : 1010 0101 1001 0110 1010 0101 0110 1001 
     (4' 0' 5  5  ) : 1010 1001 1010 0110 
     (5' 0' 1  1  ) : 1010 1001 1010 0110 
     (5' 0' 2  1  ) : 0000 1111 1010 0101 1001 0110 0000 1111 1010 0101 0110 1001 
     (5' 0' 2  1  ) : 1010 0101 1001 0110 1010 0101 0110 1001 
     (5' 0' 3  1  ) : 0000 1111 1010 0101 1001 0110 0000 1111 1010 0101 0110 1001 
     (5' 0' 3  1  ) : 1010 0101 1001 0110 1010 0101 0110 1001 
     (5' 0' 4  1  ) : 0000 1111 1010 0101 1001 0110 0000 1111 1010 0101 0110 1001 
     (5' 0' 4  1  ) : 1010 0101 1001 0110 1010 0101 0110 1001 
     (5' 0' 5  1  ) : 0000 1111 1010 0101 1001 0110 0000 1111 1010 0101 0110 1001 
     (5' 0' 5  1  ) : 1010 0101 1001 0110 1010 0101 0110 1001 
     (5' 0' 2  2  ) : 1010 1001 1010 0110 
     (5' 0' 3  2  ) : 0000 1111 1010 0101 1001 0110 0000 1111 1010 0101 0110 1001 
     (5' 0' 3  2  ) : 1010 0101 1001 0110 1010 0101 0110 1001 
     (5' 0' 4  2  ) : 0000 1111 1010 0101 1001 0110 0000 1111 1010 0101 0110 1001 
     (5' 0' 4  2  ) : 1010 0101 1001 0110 1010 0101 0110 1001 
     (5' 0' 5  2  ) : 0000 1111 1010 0101 1001 0110 0000 1111 1010 0101 0110 1001 
     (5' 0' 5  2  ) : 1010 0101 1001 0110 1010 0101 0110 1001 
     (5' 0' 3  3  ) : 1010 1001 1010 0110 
     (5' 0' 4  3  ) : 0000 1111 1010 0101 1001 0110 0000 1111 1010 0101 0110 1001 
     (5' 0' 4  3  ) : 1010 0101 1001 0110 1010 0101 0110 1001 
     (5' 0' 5  3  ) : 0000 1111 1010 0101 1001 0110 0000 1111 1010 0101 0110 1001 
     (5' 0' 5  3  ) : 1010 0101 1001 0110 1010 0101 0110 1001 
     (5' 0' 4  4  ) : 1010 1001 1010 0110 
     (5' 0' 5  4  ) : 0000 1111 1010 0101 1001 0110 0000 1111 1010 0101 0110 1001 
     (5' 0' 5  4  ) : 1010 0101 1001 0110 1010 0101 0110 1001 
     (5' 0' 5  5  ) : 1010 1001 1010 0110 
     (1' 1' 2  1  ) : 1010 0110 1010 1001 
     (1' 1' 3  1  ) : 1010 0110 1010 1001 
     (1' 1' 4  1  ) : 1010 0110 1010 1001 
     (1' 1' 5  1  ) : 1010 0110 1010 1001 
     (1' 1' 2  2  ) : 1010 1010 
     (1' 1' 3  2  ) : 1010 0110 1010 1001 
     (1' 1' 4  2  ) : 1010 0110 1010 1001 
     (1' 1' 5  2  ) : 1010 0110 1010 1001 
     (1' 1' 3  3  ) : 1010 1010 
     (1' 1' 4  3  ) : 1010 0110 1010 1001 
     (1' 1' 5  3  ) : 1010 0110 1010 1001 
     (1' 1' 4  4  ) : 1010 1010 
     (1' 1' 5  4  ) : 1010 0110 1010 1001 
     (1' 1' 5  5  ) : 1010 1010 
     (2' 1' 3  1  ) : 0000 1111 1010 0101 1001 0110 0000 1111 1010 0101 0110 1001 
     (2' 1' 3  1  ) : 1010 0101 1001 0110 1010 0101 0110 1001 
     (2' 1' 4  1  ) : 0000 1111 1010 0101 1001 0110 0000 1111 1010 0101 0110 1001 
     (2' 1' 4  1  ) : 1010 0101 1001 0110 1010 0101 0110 1001 
     (2' 1' 5  1  ) : 0000 1111 1010 0101 1001 0110 0000 1111 1010 0101 0110 1001 
     (2' 1' 5  1  ) : 1010 0101 1001 0110 1010 0101 0110 1001 
     (2' 1' 2  2  ) : 1010 1001 1010 0110 
     (2' 1' 3  2  ) : 0000 1111 1010 0101 1001 0110 0000 1111 1010 0101 0110 1001 
     (2' 1' 3  2  ) : 1010 0101 1001 0110 1010 0101 0110 1001 
     (2' 1' 4  2  ) : 0000 1111 1010 0101 1001 0110 0000 1111 1010 0101 0110 1001 
     (2' 1' 4  2  ) : 1010 0101 1001 0110 1010 0101 0110 1001 
     (2' 1' 5  2  ) : 0000 1111 1010 0101 1001 0110 0000 1111 1010 0101 0110 1001 
     (2' 1' 5  2  ) : 1010 0101 1001 0110 1010 0101 0110 1001 
     (2' 1' 3  3  ) : 1010 1001 1010 0110 
     (2' 1' 4  3  ) : 0000 1111 1010 0101 1001 0110 0000 1111 1010 0101 0110 1001 
     (2' 1' 4  3  ) : 1010 0101 1001 0110 1010 0101 0110 1001 
     (2' 1' 5  3  ) : 0000 1111 1010 0101 1001 0110 0000 1111 1010 0101 0110 1001 
     (2' 1' 5  3  ) : 1010 0101 1001 0110 1010 0101 0110 1001 
     (2' 1' 4  4  ) : 1010 1001 1010 0110 
     (2' 1' 5  4  ) : 0000 1111 1010 0101 1001 0110 0000 1111 1010 0101 0110 1001 
     (2' 1' 5  4  ) : 1010 0101 1001 0110 1010 0101 0110 1001 
     (2' 1' 5  5  ) : 1010 1001 1010 0110 
     (3' 1' 4  1  ) : 0000 1111 1010 0101 1001 0110 0000 1111 1010 0101 0110 1001 
     (3' 1' 4  1  ) : 1010 0101 1001 0110 1010 0101 0110 1001 
     (3' 1' 5  1  ) : 0000 1111 1010 0101 1001 0110 0000 1111 1010 0101 0110 1001 
     (3' 1' 5  1  ) : 1010 0101 1001 0110 1010 0101 0110 1001 
     (3' 1' 2  2  ) : 1010 1001 1010 0110 
     (3' 1' 3  2  ) : 0000 1111 1010 0101 1001 0110 0000 1111 1010 0101 0110 1001 
     (3' 1' 3  2  ) : 1010 0101 1001 0110 1010 0101 0110 1001 
     (3' 1' 4  2  ) : 0000 1111 1010 0101 1001 0110 0000 1111 1010 0101 0110 1001 
     (3' 1' 4  2  ) : 1010 0101 1001 0110 1010 0101 0110 1001 
     (3' 1' 5  2  ) : 0000 1111 1010 0101 1001 0110 0000 1111 1010 0101 0110 1001 
     (3' 1' 5  2  ) : 1010 0101 1001 0110 1010 0101 0110 1001 
     (3' 1' 3  3  ) : 1010 1001 1010 0110 
     (3' 1' 4  3  ) : 0000 1111 1010 0101 1001 0110 0000 1111 1010 0101 0110 1001 
     (3' 1' 4  3  ) : 1010 0101 1001 0110 1010 0101 0110 1001 
     (3' 1' 5  3  ) : 0000 1111 1010 0101 1001 0110 0000 1111 1010 0101 0110 1001 
     (3' 1' 5  3  ) : 1010 0101 1001 0110 1010 0101 0110 1001 
     (3' 1' 4  4  ) : 1010 1001 1010 0110 
     (3' 1' 5  4  ) : 0000 1111 1010 0101 1001 0110 0000 1111 1010 0101 0110 1001 
     (3' 1' 5  4  ) : 1010 0101 1001 0110 1010 0101 0110 1001 
     (3' 1' 5  5  ) : 1010 1001 1010 0110 
     (4' 1' 5  1  ) : 0000 1111 1010 0101 1001 0110 0000 1111 1010 0101 0110 1001 
     (4' 1' 5  1  ) : 1010 0101 1001 0110 1010 0101 0110 1001 
     (4' 1' 2  2  ) : 1010 1001 1010 0110 
     (4' 1' 3  2  ) : 0000 1111 1010 0101 1001 0110 0000 1111 1010 0101 0110 1001 
     (4' 1' 3  2  ) : 1010 0101 1001 0110 1010 0101 0110 1001 
     (4' 1' 4  2  ) : 0000 1111 1010 0101 1001 0110 0000 1111 1010 0101 0110 1001 
     (4' 1' 4  2  ) : 1010 0101 1001 0110 1010 0101 0110 1001 
     (4' 1' 5  2  ) : 0000 1111 1010 0101 1001 0110 0000 1111 1010 0101 0110 1001 
     (4' 1' 5  2  ) : 1010 0101 1001 0110 1010 0101 0110 1001 
     (4' 1' 3  3  ) : 1010 1001 1010 0110 
     (4' 1' 4  3  ) : 0000 1111 1010 0101 1001 0110 0000 1111 1010 0101 0110 1001 
     (4' 1' 4  3  ) : 1010 0101 1001 0110 1010 0101 0110 1001 
     (4' 1' 5  3  ) : 0000 1111 1010 0101 1001 0110 0000 1111 1010 0101 0110 1001 
     (4' 1' 5  3  ) : 1010 0101 1001 0110 1010 0101 0110 1001 
     (4' 1' 4  4  ) : 1010 1001 1010 0110 
     (4' 1' 5  4  ) : 0000 1111 1010 0101 1001 0110 0000 1111 1010 0101 0110 1001 
     (4' 1' 5  4  ) : 1010 0101 1001 0110 1010 0101 0110 1001 
     (4' 1' 5  5  ) : 1010 1001 1010 0110 
     (5' 1' 2  2  ) : 1010 1001 1010 0110 
     (5' 1' 3  2  ) : 0000 1111 1010 0101 1001 0110 0000 1111 1010 0101 0110 1001 
     (5' 1' 3  2  ) : 1010 0101 1001 0110 1010 0101 0110 1001 
     (5' 1' 4  2  ) : 0000 1111 1010 0101 1001 0110 0000 1111 1010 0101 0110 1001 
     (5' 1' 4  2  ) : 1010 0101 1001 0110 1010 0101 0110 1001 
     (5' 1' 5  2  ) : 0000 1111 1010 0101 1001 0110 0000 1111 1010 0101 0110 1001 
     (5' 1' 5  2  ) : 1010 0101 1001 0110 1010 0101 0110 1001 
     (5' 1' 3  3  ) : 1010 1001 1010 0110 
     (5' 1' 4  3  ) : 0000 1111 1010 0101 1001 0110 0000 1111 1010 0101 0110 1001 
     (5' 1' 4  3  ) : 1010 0101 1001 0110 1010 0101 0110 1001 
     (5' 1' 5  3  ) : 0000 1111 1010 0101 1001 0110 0000 1111 1010 0101 0110 1001 
     (5' 1' 5  3  ) : 1010 0101 1001 0110 1010 0101 0110 1001 
     (5' 1' 4  4  ) : 1010 1001 1010 0110 
     (5' 1' 5  4  ) : 0000 1111 1010 0101 1001 0110 0000 1111 1010 0101 0110 1001 
     (5' 1' 5  4  ) : 1010 0101 1001 0110 1010 0101 0110 1001 
     (5' 1' 5  5  ) : 1010 1001 1010 0110 
     (2' 2' 3  2  ) : 1010 0110 1010 1001 
     (2' 2' 4  2  ) : 1010 0110 1010 1001 
     (2' 2' 5  2  ) : 1010 0110 1010 1001 
     (2' 2' 3  3  ) : 1010 1010 
     (2' 2' 4  3  ) : 1010 0110 1010 1001 
     (2' 2' 5  3  ) : 1010 0110 1010 1001 
     (2' 2' 4  4  ) : 1010 1010 
     (2' 2' 5  4  ) : 1010 0110 1010 1001 
     (2' 2' 5  5  ) : 1010 1010 
     (3' 2' 4  2  ) : 0000 1111 1010 0101 1001 0110 0000 1111 1010 0101 0110 1001 
     (3' 2' 4  2  ) : 1010 0101 1001 0110 1010 0101 0110 1001 
     (3' 2' 5  2  ) : 0000 1111 1010 0101 1001 0110 0000 1111 1010 0101 0110 1001 
     (3' 2' 5  2  ) : 1010 0101 1001 0110 1010 0101 0110 1001 
     (3' 2' 3  3  ) : 1010 1001 1010 0110 
     (3' 2' 4  3  ) : 0000 1111 1010 0101 1001 0110 0000 1111 1010 0101 0110 1001 
     (3' 2' 4  3  ) : 1010 0101 1001 0110 1010 0101 0110 1001 
     (3' 2' 5  3  ) : 0000 1111 1010 0101 1001 0110 0000 1111 1010 0101 0110 1001 
     (3' 2' 5  3  ) : 1010 0101 1001 0110 1010 0101 0110 1001 
     (3' 2' 4  4  ) : 1010 1001 1010 0110 
     (3' 2' 5  4  ) : 0000 1111 1010 0101 1001 0110 0000 1111 1010 0101 0110 1001 
     (3' 2' 5  4  ) : 1010 0101 1001 0110 1010 0101 0110 1001 
     (3' 2' 5  5  ) : 1010 1001 1010 0110 
     (4' 2' 5  2  ) : 0000 1111 1010 0101 1001 0110 0000 1111 1010 0101 0110 1001 
     (4' 2' 5  2  ) : 1010 0101 1001 0110 1010 0101 0110 1001 
     (4' 2' 3  3  ) : 1010 1001 1010 0110 
     (4' 2' 4  3  ) : 0000 1111 1010 0101 1001 0110 0000 1111 1010 0101 0110 1001 
     (4' 2' 4  3  ) : 1010 0101 1001 0110 1010 0101 0110 1001 
     (4' 2' 5  3  ) : 0000 1111 1010 0101 1001 0110 0000 1111 1010 0101 0110 1001 
     (4' 2' 5  3  ) : 1010 0101 1001 0110 1010 0101 0110 1001 
     (4' 2' 4  4  ) : 1010 1001 1010 0110 
     (4' 2' 5  4  ) : 0000 1111 1010 0101 1001 0110 0000 1111 1010 0101 0110 1001 
     (4' 2' 5  4  ) : 1010 0101 1001 0110 1010 0101 0110 1001 
     (4' 2' 5  5  ) : 1010 1001 1010 0110 
     (5' 2' 3  3  ) : 1010 1001 1010 0110 
     (5' 2' 4  3  ) : 0000 1111 1010 0101 1001 0110 0000 1111 1010 0101 0110 1001 
     (5' 2' 4  3  ) : 1010 0101 1001 0110 1010 0101 0110 1001 
     (5' 2' 5  3  ) : 0000 1111 1010 0101 1001 0110 0000 1111 1010 0101 0110 1001 
     (5' 2' 5  3  ) : 1010 0101 1001 0110 1010 0101 0110 1001 
     (5' 2' 4  4  ) : 1010 1001 1010 0110 
     (5' 2' 5  4  ) : 0000 1111 1010 0101 1001 0110 0000 1111 1010 0101 0110 1001 
     (5' 2' 5  4  ) : 1010 0101 1001 0110 1010 0101 0110 1001 
     (5' 2' 5  5  ) : 1010 1001 1010 0110 
     (3' 3' 4  3  ) : 1010 0110 1010 1001 
     (3' 3' 5  3  ) : 1010 0110 1010 1001 
     (3' 3' 4  4  ) : 1010 1010 
     (3' 3' 5  4  ) : 1010 0110 1010 1001 
     (3' 3' 5  5  ) : 1010 1010 
     (4' 3' 5  3  ) : 0000 1111 1010 0101 1001 0110 0000 1111 1010 0101 0110 1001 
     (4' 3' 5  3  ) : 1010 0101 1001 0110 1010 0101 0110 1001 
     (4' 3' 4  4  ) : 1010 1001 1010 0110 
     (4' 3' 5  4  ) : 0000 1111 1010 0101 1001 0110 0000 1111 1010 0101 0110 1001 
     (4' 3' 5  4  ) : 1010 0101 1001 0110 1010 0101 0110 1001 
     (4' 3' 5  5  ) : 1010 1001 1010 0110 
     (5' 3' 4  4  ) : 1010 1001 1010 0110 
     (5' 3' 5  4  ) : 0000 1111 1010 0101 1001 0110 0000 1111 1010 0101 0110 1001 
     (5' 3' 5  4  ) : 1010 0101 1001 0110 1010 0101 0110 1001 
     (5' 3' 5  5  ) : 1010 1001 1010 0110 
     (4' 4' 5  4  ) : 1010 0110 1010 1001 
     (4' 4' 5  5  ) : 1010 1010 
     (5' 4' 5  5  ) : 1010 1001 1010 0110 
 Final ADAPT-VQE energy: -75.01226520
 <S^2> of final state  :   0.00000000
opt[0] is   (14, 3072)	(-1+0j)
  (15, 3073)	(-1+0j)
  (30, 3088)	(1+0j)
  (31, 3089)	(1+0j)
  (46, 3104)	(1+0j)
  (47, 3105)	(1+0j)
  (62, 3120)	(-1+0j)
  (63, 3121)	(-1+0j)
  (78, 3136)	(1+0j)
  (79, 3137)	(1+0j)
  (94, 3152)	(-1+0j)
  (95, 3153)	(-1+0j)
  (110, 3168)	(-1+0j)
  (111, 3169)	(-1+0j)
  (126, 3184)	(1+0j)
  (127, 3185)	(1+0j)
  (142, 3200)	(1+0j)
  (143, 3201)	(1+0j)
  (158, 3216)	(-1+0j)
  (159, 3217)	(-1+0j)
  (174, 3232)	(-1+0j)
  (175, 3233)	(-1+0j)
  (190, 3248)	(1+0j)
  (191, 3249)	(1+0j)
  (206, 3264)	(-1+0j)
  :	:
  (831, 3889)	(-1+0j)
  (846, 3904)	(1+0j)
  (847, 3905)	(1+0j)
  (862, 3920)	(-1+0j)
  (863, 3921)	(-1+0j)
  (878, 3936)	(-1+0j)
  (879, 3937)	(-1+0j)
  (894, 3952)	(1+0j)
  (895, 3953)	(1+0j)
  (910, 3968)	(1+0j)
  (911, 3969)	(1+0j)
  (926, 3984)	(-1+0j)
  (927, 3985)	(-1+0j)
  (942, 4000)	(-1+0j)
  (943, 4001)	(-1+0j)
  (958, 4016)	(1+0j)
  (959, 4017)	(1+0j)
  (974, 4032)	(-1+0j)
  (975, 4033)	(-1+0j)
  (990, 4048)	(1+0j)
  (991, 4049)	(1+0j)
  (1006, 4064)	(1+0j)
  (1007, 4065)	(1+0j)
  (1022, 4080)	(-1+0j)
  (1023, 4081)	(-1+0j)
barH based energy diff=0? -4.263256414560601e-14
final excitation energies [-75.0122652  -75.0122652  -75.0122652  -75.0122652  -75.0122652
 -75.0122652  -75.0122652  -75.0122652  -75.0122652  -75.0122652
 -75.0122652  -75.0122652  -75.0122652  -75.0122652  -75.0122652
 -75.0122652  -75.0122652  -75.0122652  -75.0122652  -75.0122652
 -75.0122652  -75.0122652  -75.0122652  -75.0122652  -75.0122652
 -75.0122652  -75.0122652  -75.0122652  -75.0122652  -75.0122652
 -75.0122652  -75.0122652  -75.0122652  -75.0122652  -75.0122652
 -75.0122652  -75.0122652  -75.0122652  -75.0122652  -75.0122652
 -75.0122652  -75.0122652  -75.0122652  -75.0122652  -75.0122652
 -75.0122652  -75.0122652  -75.0122652  -75.0122652  -75.0122652
 -75.0122652  -75.0122652  -75.0122652  -75.0122652  -75.0122652
 -75.0122652  -75.0122652  -75.0122652  -75.0122652  -75.0122652
 -75.0122652  -75.0122652  -75.0122652  -75.0122652  -75.0122652
 -75.0122652  -75.0122652  -75.0122652  -75.0122652  -75.0122652
 -75.0122652  -75.0122652  -75.0122652  -75.0122652  -75.0122652
 -75.0122652  -75.0122652  -75.0122652  -75.0122652  -75.0122652
 -75.0122652  -75.0122652  -75.0122652  -75.0122652  -75.0122652
 -75.0122652  -75.0122652  -75.0122652  -74.40878734 -74.40878734
 -74.28404107 -74.28404107 -73.99104509 -73.99104509 -73.97027836
 -73.97027836 -73.8998652  -73.8998652  -73.87355975 -73.87355975
 -73.83214801 -73.83214801 -73.75159045 -73.75159045 -73.7487545
 -73.7487545  -73.73043815 -73.73043815 -73.67350273 -73.67350273
 -73.62474107 -73.62474107 -73.57881243 -73.57881243 -73.54506161
 -73.54506161 -73.47841611 -73.47841611 -73.35209666 -73.35209666
 -73.31612436 -73.31612436 -73.13186338 -73.13186338 -73.04497068
 -73.04497068 -72.89771119 -72.89771119 -72.8132618  -72.8132618
 -72.73941809 -72.73941809 -71.57084622 -71.57084622 -71.49304141
 -71.49304141 -71.48193888 -71.48193888 -71.44225214 -71.44225214
 -71.42057379 -71.42057379 -71.35475384 -71.35475384 -71.34831919
 -71.34831919 -71.30865653 -71.30865653 -71.20822039 -71.20822039
 -71.19307496 -71.19307496 -71.15664541 -71.15664541 -71.14272553
 -71.14272553 -71.07360771 -71.07360771 -70.93863144 -70.93863144
 -70.90102372 -70.90102372 -70.90029805 -70.90029805 -70.82551164
 -70.82551164 -70.77292097 -70.77292097 -70.71231994 -70.71231994
 -70.58459853 -70.58459853 -70.51867399 -70.51867399 -70.48669764
 -70.48669764 -70.40753787 -70.40753787 -70.26378417 -70.26378417
 -70.13653551 -70.13653551 -70.09539625 -70.09539625 -70.01071454
 -70.01071454 -69.94534264 -69.94534264 -69.90088302 -69.90088302
 -69.85093236 -69.85093236 -69.70843955 -69.70843955 -69.62999229
 -69.62999229 -69.54616961 -69.54616961 -69.512459   -69.512459
 -69.42677174 -69.42677174 -69.34173532 -69.34173532 -69.29414399
 -69.29414399 -69.21677978 -69.21677978 -69.137186   -69.137186
 -68.93563616 -68.93563616 -68.92790218 -68.92790218 -68.75692393
 -68.75692393 -67.94364429 -67.94364429 -67.76207668 -67.76207668]
