-0.5 [-1.44559313 -1.44559313 -1.44559312 -1.44559312 -1.42477921 -1.4247792 ]
-0.6 [-1.51167074 -1.51167074 -1.51167074 -1.51167073 -1.51167073 -1.51167073]
-0.7 [-1.55992452 -1.55992452 -1.55992452 -1.5599245  -1.5599245  -1.5599245 ]
-0.8 [-1.59540502 -1.59540502 -1.59540502 -1.595405   -1.595405   -1.595405  ]
-0.9 [-1.62159422 -1.62159422 -1.62159422 -1.62159421 -1.62159421 -1.62159421]
-1.0 [-1.64094483 -1.64094483 -1.64094483 -1.64094481 -1.64094481 -1.64094481]
-1.1 [-1.65522774 -1.65522774 -1.65522774 -1.65522772 -1.65522772 -1.65522772]
-1.2000000000000002 [-1.66574508 -1.66574508 -1.66574507 -1.66574507 -1.66524549 -1.66524549]
-1.3 [-1.67506103 -1.67506103 -1.67346391 -1.67346391 -1.67346391 -1.6734639 ]
-1.4 [-1.68215144 -1.68215144 -1.67910563 -1.67910563 -1.67910562 -1.67910562]
