-0.5 -1.3223906893845478 [-1.44493069 -1.44488396 -1.42360751 -1.42355788 -1.28160497 -1.08625298
 -1.08624459 -0.98639431 -0.83235411 -0.5937509  -0.59373706 -0.59266671
 -0.47808872 -0.4780812  -0.39466314 -0.35872902 -0.35870191 -0.34964571
 -0.342246   -0.24831721 -0.24830283 -0.17418098  0.36544649  0.52964153
  0.52964467  0.64500737]
-0.6 -1.427999298515633 [-1.51111498 -1.51109026 -1.489563   -1.48953638 -1.2724228  -1.08043448
 -1.08042887 -0.97600687 -0.9058283  -0.69783308 -0.69783084 -0.67629956
 -0.56878457 -0.56877514 -0.47062548 -0.46101036 -0.46100407 -0.43058437
 -0.42238813 -0.35403045 -0.35402937 -0.26472451  0.2311008   0.3973242
  0.3973248   0.51574043]
-0.7 -1.5038962316743278 [-1.55941821 -1.55940011 -1.54006973 -1.54005035 -1.25715694 -1.06509619
 -1.06509168 -0.95972033 -0.95765145 -0.777314   -0.77731374 -0.7406389
 -0.63203943 -0.63203064 -0.53833701 -0.538335   -0.52681288 -0.4913625
 -0.48307444 -0.43426579 -0.43426216 -0.33709798  0.13236588  0.30060096
  0.30060114  0.42032505]
-0.8 -1.5573746637350652 [-1.59492832 -1.59491282 -1.57853337 -1.57851694 -1.23877268 -1.04475186
 -1.04474781 -0.99929431 -0.9352116  -0.83529243 -0.83529227 -0.79057086
 -0.67760932 -0.67760101 -0.59457746 -0.5945766  -0.5684549  -0.53714058
 -0.52929804 -0.49743878 -0.49743469 -0.39579682  0.06097051  0.23112511
  0.23112519  0.35150116]
-0.9 -1.5939763031607672 [-1.62113768 -1.62112337 -1.60772695 -1.60771195 -1.21931153 -1.02831451
 -1.02204986 -1.02204603 -0.91099062 -0.87595778 -0.87595754 -0.82939946
 -0.71090589 -0.71089781 -0.63407591 -0.63407539 -0.59929581 -0.57162292
 -0.56457037 -0.54811624 -0.54811211 -0.44380327  0.0105989   0.18247136
  0.18247141  0.30319461]
-1.0 -1.6179188669121334 [-1.64050293 -1.64048924 -1.62979093 -1.62977672 -1.20014978 -1.04952926
 -0.9986174  -0.99861367 -0.90317147 -0.90317123 -0.88642596 -0.85939908
 -0.73535421 -0.73534624 -0.66075011 -0.66074965 -0.62207929 -0.59754385
 -0.59144869 -0.58900661 -0.58900256 -0.48319372 -0.02372373  0.14959976
  0.1495998   0.2705148 ]
-1.1 -1.6324535198546968 [-1.65479682 -1.65478351 -1.64638228 -1.64636857 -1.18219653 -1.06497796
 -0.97545529 -0.97545162 -0.92017738 -0.92017717 -0.88218734 -0.86240407
 -0.75332078 -0.75331286 -0.67797113 -0.67797057 -0.63885346 -0.62182121
 -0.62181735 -0.61696898 -0.61186441 -0.51552064 -0.04595059  0.12854362
  0.12854366  0.24956808]
-1.2000000000000002 -1.6400881490520358 [-1.66532253 -1.66530945 -1.65879173 -1.65877837 -1.16603431 -1.07618199
 -0.95316861 -0.95316497 -0.92959117 -0.929591   -0.89896148 -0.83945419
 -0.76651255 -0.76650467 -0.6887775  -0.68877661 -0.6511584  -0.64748337
 -0.64747991 -0.63147572 -0.6273089  -0.54201339 -0.05919213  0.11621475
  0.11621477  0.23730433]
-1.3 -1.642740441745955 [-1.67304771 -1.67303481 -1.66802388 -1.66801077 -1.15200711 -1.08427342
 -0.93346302 -0.93346288 -0.93211554 -0.9321119  -0.91065254 -0.81787983
 -0.7761822  -0.77617434 -0.69650316 -0.69650144 -0.66575178 -0.66574921
 -0.66015082 -0.64227014 -0.63894157 -0.56367096 -0.06585464  0.11024607
  0.11024609  0.23137686]
-1.4 -1.641859961012776 [-1.67869422 -1.67868146 -1.67485617 -1.67484325 -1.14026548 -1.09009039
 -0.93336598 -0.93336587 -0.91803546 -0.91250427 -0.91250059 -0.79784708
 -0.78325439 -0.78324656 -0.70500855 -0.7050056  -0.67516464 -0.67516339
 -0.66669601 -0.65027176 -0.64766231 -0.58130632 -0.06777087  0.10884759
  0.10884761  0.23000667]
