 ---------------------------------------------------------
                                                          
                      Using Pyscf:
                                                          
 ---------------------------------------------------------
                                                          
converged SCF energy = -74.9629055771195

System and Method:
[('O', (0, 0, 0)), ('H', (0.95700111, 0.0, 0.0)), ('H', (-0.23961394, 0.0, 0.92651836))]
Basis set                                      :       sto3g
Number of Orbitals                             :         7
Number of electrons                            :        10
Nuclear Repulsion                              :    9.1969230837 
Electronic SCF energy                          :  -84.1598286608 
SCF Energy                                     :  -74.9629055771
 AO->MO
 NElectrons:    4    4
 ecore: -60.66249228
 ERIs in the active-space:
(6, 6, 6, 6)    0.01036800 Mb
 n_orb:    6
 n_a  :    4
 n_b  :    4
 HF Energy: -74.96290558
 Build reference state with    4 alpha and    4 beta electrons [0, 2, 4, 6, 1, 3, 5, 7]
 State    0: -75.01228076 au  <S2>:  -0.00000000
 Form singlet GSD operators
 Number of operators:  330
           (1' 0  ) : 00 11 00 11 
           (2' 0  ) : 00 11 00 11 
           (3' 0  ) : 00 11 00 11 
           (4' 0  ) : 00 11 00 11 
           (5' 0  ) : 00 11 00 11 
           (2' 1  ) : 00 11 00 11 
           (3' 1  ) : 00 11 00 11 
           (4' 1  ) : 00 11 00 11 
           (5' 1  ) : 00 11 00 11 
           (3' 2  ) : 00 11 00 11 
           (4' 2  ) : 00 11 00 11 
           (5' 2  ) : 00 11 00 11 
           (4' 3  ) : 00 11 00 11 
           (5' 3  ) : 00 11 00 11 
           (5' 4  ) : 00 11 00 11 
     (0' 0' 1  0  ) : 1010 0110 1010 1001 
     (0' 0' 2  0  ) : 1010 0110 1010 1001 
     (0' 0' 3  0  ) : 1010 0110 1010 1001 
     (0' 0' 4  0  ) : 1010 0110 1010 1001 
     (0' 0' 5  0  ) : 1010 0110 1010 1001 
     (0' 0' 1  1  ) : 1010 1010 
     (0' 0' 2  1  ) : 1010 0110 1010 1001 
     (0' 0' 3  1  ) : 1010 0110 1010 1001 
     (0' 0' 4  1  ) : 1010 0110 1010 1001 
     (0' 0' 5  1  ) : 1010 0110 1010 1001 
     (0' 0' 2  2  ) : 1010 1010 
     (0' 0' 3  2  ) : 1010 0110 1010 1001 
     (0' 0' 4  2  ) : 1010 0110 1010 1001 
     (0' 0' 5  2  ) : 1010 0110 1010 1001 
     (0' 0' 3  3  ) : 1010 1010 
     (0' 0' 4  3  ) : 1010 0110 1010 1001 
     (0' 0' 5  3  ) : 1010 0110 1010 1001 
     (0' 0' 4  4  ) : 1010 1010 
     (0' 0' 5  4  ) : 1010 0110 1010 1001 
     (0' 0' 5  5  ) : 1010 1010 
     (1' 0' 2  0  ) : 0000 1111 1010 0101 1001 0110 0000 1111 1010 0101 0110 1001 
     (1' 0' 2  0  ) : 1010 0101 1001 0110 1010 0101 0110 1001 
     (1' 0' 3  0  ) : 0000 1111 1010 0101 1001 0110 0000 1111 1010 0101 0110 1001 
     (1' 0' 3  0  ) : 1010 0101 1001 0110 1010 0101 0110 1001 
     (1' 0' 4  0  ) : 0000 1111 1010 0101 1001 0110 0000 1111 1010 0101 0110 1001 
     (1' 0' 4  0  ) : 1010 0101 1001 0110 1010 0101 0110 1001 
     (1' 0' 5  0  ) : 0000 1111 1010 0101 1001 0110 0000 1111 1010 0101 0110 1001 
     (1' 0' 5  0  ) : 1010 0101 1001 0110 1010 0101 0110 1001 
     (1' 0' 1  1  ) : 1010 1001 1010 0110 
     (1' 0' 2  1  ) : 0000 1111 1010 0101 1001 0110 0000 1111 1010 0101 0110 1001 
     (1' 0' 2  1  ) : 1010 0101 1001 0110 1010 0101 0110 1001 
     (1' 0' 3  1  ) : 0000 1111 1010 0101 1001 0110 0000 1111 1010 0101 0110 1001 
     (1' 0' 3  1  ) : 1010 0101 1001 0110 1010 0101 0110 1001 
     (1' 0' 4  1  ) : 0000 1111 1010 0101 1001 0110 0000 1111 1010 0101 0110 1001 
     (1' 0' 4  1  ) : 1010 0101 1001 0110 1010 0101 0110 1001 
     (1' 0' 5  1  ) : 0000 1111 1010 0101 1001 0110 0000 1111 1010 0101 0110 1001 
     (1' 0' 5  1  ) : 1010 0101 1001 0110 1010 0101 0110 1001 
     (1' 0' 2  2  ) : 1010 1001 1010 0110 
     (1' 0' 3  2  ) : 0000 1111 1010 0101 1001 0110 0000 1111 1010 0101 0110 1001 
     (1' 0' 3  2  ) : 1010 0101 1001 0110 1010 0101 0110 1001 
     (1' 0' 4  2  ) : 0000 1111 1010 0101 1001 0110 0000 1111 1010 0101 0110 1001 
     (1' 0' 4  2  ) : 1010 0101 1001 0110 1010 0101 0110 1001 
     (1' 0' 5  2  ) : 0000 1111 1010 0101 1001 0110 0000 1111 1010 0101 0110 1001 
     (1' 0' 5  2  ) : 1010 0101 1001 0110 1010 0101 0110 1001 
     (1' 0' 3  3  ) : 1010 1001 1010 0110 
     (1' 0' 4  3  ) : 0000 1111 1010 0101 1001 0110 0000 1111 1010 0101 0110 1001 
     (1' 0' 4  3  ) : 1010 0101 1001 0110 1010 0101 0110 1001 
     (1' 0' 5  3  ) : 0000 1111 1010 0101 1001 0110 0000 1111 1010 0101 0110 1001 
     (1' 0' 5  3  ) : 1010 0101 1001 0110 1010 0101 0110 1001 
     (1' 0' 4  4  ) : 1010 1001 1010 0110 
     (1' 0' 5  4  ) : 0000 1111 1010 0101 1001 0110 0000 1111 1010 0101 0110 1001 
     (1' 0' 5  4  ) : 1010 0101 1001 0110 1010 0101 0110 1001 
     (1' 0' 5  5  ) : 1010 1001 1010 0110 
     (2' 0' 3  0  ) : 0000 1111 1010 0101 1001 0110 0000 1111 1010 0101 0110 1001 
     (2' 0' 3  0  ) : 1010 0101 1001 0110 1010 0101 0110 1001 
     (2' 0' 4  0  ) : 0000 1111 1010 0101 1001 0110 0000 1111 1010 0101 0110 1001 
     (2' 0' 4  0  ) : 1010 0101 1001 0110 1010 0101 0110 1001 
     (2' 0' 5  0  ) : 0000 1111 1010 0101 1001 0110 0000 1111 1010 0101 0110 1001 
     (2' 0' 5  0  ) : 1010 0101 1001 0110 1010 0101 0110 1001 
     (2' 0' 1  1  ) : 1010 1001 1010 0110 
     (2' 0' 2  1  ) : 0000 1111 1010 0101 1001 0110 0000 1111 1010 0101 0110 1001 
     (2' 0' 2  1  ) : 1010 0101 1001 0110 1010 0101 0110 1001 
     (2' 0' 3  1  ) : 0000 1111 1010 0101 1001 0110 0000 1111 1010 0101 0110 1001 
     (2' 0' 3  1  ) : 1010 0101 1001 0110 1010 0101 0110 1001 
     (2' 0' 4  1  ) : 0000 1111 1010 0101 1001 0110 0000 1111 1010 0101 0110 1001 
     (2' 0' 4  1  ) : 1010 0101 1001 0110 1010 0101 0110 1001 
     (2' 0' 5  1  ) : 0000 1111 1010 0101 1001 0110 0000 1111 1010 0101 0110 1001 
     (2' 0' 5  1  ) : 1010 0101 1001 0110 1010 0101 0110 1001 
     (2' 0' 2  2  ) : 1010 1001 1010 0110 
     (2' 0' 3  2  ) : 0000 1111 1010 0101 1001 0110 0000 1111 1010 0101 0110 1001 
     (2' 0' 3  2  ) : 1010 0101 1001 0110 1010 0101 0110 1001 
     (2' 0' 4  2  ) : 0000 1111 1010 0101 1001 0110 0000 1111 1010 0101 0110 1001 
     (2' 0' 4  2  ) : 1010 0101 1001 0110 1010 0101 0110 1001 
     (2' 0' 5  2  ) : 0000 1111 1010 0101 1001 0110 0000 1111 1010 0101 0110 1001 
     (2' 0' 5  2  ) : 1010 0101 1001 0110 1010 0101 0110 1001 
     (2' 0' 3  3  ) : 1010 1001 1010 0110 
     (2' 0' 4  3  ) : 0000 1111 1010 0101 1001 0110 0000 1111 1010 0101 0110 1001 
     (2' 0' 4  3  ) : 1010 0101 1001 0110 1010 0101 0110 1001 
     (2' 0' 5  3  ) : 0000 1111 1010 0101 1001 0110 0000 1111 1010 0101 0110 1001 
     (2' 0' 5  3  ) : 1010 0101 1001 0110 1010 0101 0110 1001 
     (2' 0' 4  4  ) : 1010 1001 1010 0110 
     (2' 0' 5  4  ) : 0000 1111 1010 0101 1001 0110 0000 1111 1010 0101 0110 1001 
     (2' 0' 5  4  ) : 1010 0101 1001 0110 1010 0101 0110 1001 
     (2' 0' 5  5  ) : 1010 1001 1010 0110 
     (3' 0' 4  0  ) : 0000 1111 1010 0101 1001 0110 0000 1111 1010 0101 0110 1001 
     (3' 0' 4  0  ) : 1010 0101 1001 0110 1010 0101 0110 1001 
     (3' 0' 5  0  ) : 0000 1111 1010 0101 1001 0110 0000 1111 1010 0101 0110 1001 
     (3' 0' 5  0  ) : 1010 0101 1001 0110 1010 0101 0110 1001 
     (3' 0' 1  1  ) : 1010 1001 1010 0110 
     (3' 0' 2  1  ) : 0000 1111 1010 0101 1001 0110 0000 1111 1010 0101 0110 1001 
     (3' 0' 2  1  ) : 1010 0101 1001 0110 1010 0101 0110 1001 
     (3' 0' 3  1  ) : 0000 1111 1010 0101 1001 0110 0000 1111 1010 0101 0110 1001 
     (3' 0' 3  1  ) : 1010 0101 1001 0110 1010 0101 0110 1001 
     (3' 0' 4  1  ) : 0000 1111 1010 0101 1001 0110 0000 1111 1010 0101 0110 1001 
     (3' 0' 4  1  ) : 1010 0101 1001 0110 1010 0101 0110 1001 
     (3' 0' 5  1  ) : 0000 1111 1010 0101 1001 0110 0000 1111 1010 0101 0110 1001 
     (3' 0' 5  1  ) : 1010 0101 1001 0110 1010 0101 0110 1001 
     (3' 0' 2  2  ) : 1010 1001 1010 0110 
     (3' 0' 3  2  ) : 0000 1111 1010 0101 1001 0110 0000 1111 1010 0101 0110 1001 
     (3' 0' 3  2  ) : 1010 0101 1001 0110 1010 0101 0110 1001 
     (3' 0' 4  2  ) : 0000 1111 1010 0101 1001 0110 0000 1111 1010 0101 0110 1001 
     (3' 0' 4  2  ) : 1010 0101 1001 0110 1010 0101 0110 1001 
     (3' 0' 5  2  ) : 0000 1111 1010 0101 1001 0110 0000 1111 1010 0101 0110 1001 
     (3' 0' 5  2  ) : 1010 0101 1001 0110 1010 0101 0110 1001 
     (3' 0' 3  3  ) : 1010 1001 1010 0110 
     (3' 0' 4  3  ) : 0000 1111 1010 0101 1001 0110 0000 1111 1010 0101 0110 1001 
     (3' 0' 4  3  ) : 1010 0101 1001 0110 1010 0101 0110 1001 
     (3' 0' 5  3  ) : 0000 1111 1010 0101 1001 0110 0000 1111 1010 0101 0110 1001 
     (3' 0' 5  3  ) : 1010 0101 1001 0110 1010 0101 0110 1001 
     (3' 0' 4  4  ) : 1010 1001 1010 0110 
     (3' 0' 5  4  ) : 0000 1111 1010 0101 1001 0110 0000 1111 1010 0101 0110 1001 
     (3' 0' 5  4  ) : 1010 0101 1001 0110 1010 0101 0110 1001 
     (3' 0' 5  5  ) : 1010 1001 1010 0110 
     (4' 0' 5  0  ) : 0000 1111 1010 0101 1001 0110 0000 1111 1010 0101 0110 1001 
     (4' 0' 5  0  ) : 1010 0101 1001 0110 1010 0101 0110 1001 
     (4' 0' 1  1  ) : 1010 1001 1010 0110 
     (4' 0' 2  1  ) : 0000 1111 1010 0101 1001 0110 0000 1111 1010 0101 0110 1001 
     (4' 0' 2  1  ) : 1010 0101 1001 0110 1010 0101 0110 1001 
     (4' 0' 3  1  ) : 0000 1111 1010 0101 1001 0110 0000 1111 1010 0101 0110 1001 
     (4' 0' 3  1  ) : 1010 0101 1001 0110 1010 0101 0110 1001 
     (4' 0' 4  1  ) : 0000 1111 1010 0101 1001 0110 0000 1111 1010 0101 0110 1001 
     (4' 0' 4  1  ) : 1010 0101 1001 0110 1010 0101 0110 1001 
     (4' 0' 5  1  ) : 0000 1111 1010 0101 1001 0110 0000 1111 1010 0101 0110 1001 
     (4' 0' 5  1  ) : 1010 0101 1001 0110 1010 0101 0110 1001 
     (4' 0' 2  2  ) : 1010 1001 1010 0110 
     (4' 0' 3  2  ) : 0000 1111 1010 0101 1001 0110 0000 1111 1010 0101 0110 1001 
     (4' 0' 3  2  ) : 1010 0101 1001 0110 1010 0101 0110 1001 
     (4' 0' 4  2  ) : 0000 1111 1010 0101 1001 0110 0000 1111 1010 0101 0110 1001 
     (4' 0' 4  2  ) : 1010 0101 1001 0110 1010 0101 0110 1001 
     (4' 0' 5  2  ) : 0000 1111 1010 0101 1001 0110 0000 1111 1010 0101 0110 1001 
     (4' 0' 5  2  ) : 1010 0101 1001 0110 1010 0101 0110 1001 
     (4' 0' 3  3  ) : 1010 1001 1010 0110 
     (4' 0' 4  3  ) : 0000 1111 1010 0101 1001 0110 0000 1111 1010 0101 0110 1001 
     (4' 0' 4  3  ) : 1010 0101 1001 0110 1010 0101 0110 1001 
     (4' 0' 5  3  ) : 0000 1111 1010 0101 1001 0110 0000 1111 1010 0101 0110 1001 
     (4' 0' 5  3  ) : 1010 0101 1001 0110 1010 0101 0110 1001 
     (4' 0' 4  4  ) : 1010 1001 1010 0110 
     (4' 0' 5  4  ) : 0000 1111 1010 0101 1001 0110 0000 1111 1010 0101 0110 1001 
     (4' 0' 5  4  ) : 1010 0101 1001 0110 1010 0101 0110 1001 
     (4' 0' 5  5  ) : 1010 1001 1010 0110 
     (5' 0' 1  1  ) : 1010 1001 1010 0110 
     (5' 0' 2  1  ) : 0000 1111 1010 0101 1001 0110 0000 1111 1010 0101 0110 1001 
     (5' 0' 2  1  ) : 1010 0101 1001 0110 1010 0101 0110 1001 
     (5' 0' 3  1  ) : 0000 1111 1010 0101 1001 0110 0000 1111 1010 0101 0110 1001 
     (5' 0' 3  1  ) : 1010 0101 1001 0110 1010 0101 0110 1001 
     (5' 0' 4  1  ) : 0000 1111 1010 0101 1001 0110 0000 1111 1010 0101 0110 1001 
     (5' 0' 4  1  ) : 1010 0101 1001 0110 1010 0101 0110 1001 
     (5' 0' 5  1  ) : 0000 1111 1010 0101 1001 0110 0000 1111 1010 0101 0110 1001 
     (5' 0' 5  1  ) : 1010 0101 1001 0110 1010 0101 0110 1001 
     (5' 0' 2  2  ) : 1010 1001 1010 0110 
     (5' 0' 3  2  ) : 0000 1111 1010 0101 1001 0110 0000 1111 1010 0101 0110 1001 
     (5' 0' 3  2  ) : 1010 0101 1001 0110 1010 0101 0110 1001 
     (5' 0' 4  2  ) : 0000 1111 1010 0101 1001 0110 0000 1111 1010 0101 0110 1001 
     (5' 0' 4  2  ) : 1010 0101 1001 0110 1010 0101 0110 1001 
     (5' 0' 5  2  ) : 0000 1111 1010 0101 1001 0110 0000 1111 1010 0101 0110 1001 
     (5' 0' 5  2  ) : 1010 0101 1001 0110 1010 0101 0110 1001 
     (5' 0' 3  3  ) : 1010 1001 1010 0110 
     (5' 0' 4  3  ) : 0000 1111 1010 0101 1001 0110 0000 1111 1010 0101 0110 1001 
     (5' 0' 4  3  ) : 1010 0101 1001 0110 1010 0101 0110 1001 
     (5' 0' 5  3  ) : 0000 1111 1010 0101 1001 0110 0000 1111 1010 0101 0110 1001 
     (5' 0' 5  3  ) : 1010 0101 1001 0110 1010 0101 0110 1001 
     (5' 0' 4  4  ) : 1010 1001 1010 0110 
     (5' 0' 5  4  ) : 0000 1111 1010 0101 1001 0110 0000 1111 1010 0101 0110 1001 
     (5' 0' 5  4  ) : 1010 0101 1001 0110 1010 0101 0110 1001 
     (5' 0' 5  5  ) : 1010 1001 1010 0110 
     (1' 1' 2  1  ) : 1010 0110 1010 1001 
     (1' 1' 3  1  ) : 1010 0110 1010 1001 
     (1' 1' 4  1  ) : 1010 0110 1010 1001 
     (1' 1' 5  1  ) : 1010 0110 1010 1001 
     (1' 1' 2  2  ) : 1010 1010 
     (1' 1' 3  2  ) : 1010 0110 1010 1001 
     (1' 1' 4  2  ) : 1010 0110 1010 1001 
     (1' 1' 5  2  ) : 1010 0110 1010 1001 
     (1' 1' 3  3  ) : 1010 1010 
     (1' 1' 4  3  ) : 1010 0110 1010 1001 
     (1' 1' 5  3  ) : 1010 0110 1010 1001 
     (1' 1' 4  4  ) : 1010 1010 
     (1' 1' 5  4  ) : 1010 0110 1010 1001 
     (1' 1' 5  5  ) : 1010 1010 
     (2' 1' 3  1  ) : 0000 1111 1010 0101 1001 0110 0000 1111 1010 0101 0110 1001 
     (2' 1' 3  1  ) : 1010 0101 1001 0110 1010 0101 0110 1001 
     (2' 1' 4  1  ) : 0000 1111 1010 0101 1001 0110 0000 1111 1010 0101 0110 1001 
     (2' 1' 4  1  ) : 1010 0101 1001 0110 1010 0101 0110 1001 
     (2' 1' 5  1  ) : 0000 1111 1010 0101 1001 0110 0000 1111 1010 0101 0110 1001 
     (2' 1' 5  1  ) : 1010 0101 1001 0110 1010 0101 0110 1001 
     (2' 1' 2  2  ) : 1010 1001 1010 0110 
     (2' 1' 3  2  ) : 0000 1111 1010 0101 1001 0110 0000 1111 1010 0101 0110 1001 
     (2' 1' 3  2  ) : 1010 0101 1001 0110 1010 0101 0110 1001 
     (2' 1' 4  2  ) : 0000 1111 1010 0101 1001 0110 0000 1111 1010 0101 0110 1001 
     (2' 1' 4  2  ) : 1010 0101 1001 0110 1010 0101 0110 1001 
     (2' 1' 5  2  ) : 0000 1111 1010 0101 1001 0110 0000 1111 1010 0101 0110 1001 
     (2' 1' 5  2  ) : 1010 0101 1001 0110 1010 0101 0110 1001 
     (2' 1' 3  3  ) : 1010 1001 1010 0110 
     (2' 1' 4  3  ) : 0000 1111 1010 0101 1001 0110 0000 1111 1010 0101 0110 1001 
     (2' 1' 4  3  ) : 1010 0101 1001 0110 1010 0101 0110 1001 
     (2' 1' 5  3  ) : 0000 1111 1010 0101 1001 0110 0000 1111 1010 0101 0110 1001 
     (2' 1' 5  3  ) : 1010 0101 1001 0110 1010 0101 0110 1001 
     (2' 1' 4  4  ) : 1010 1001 1010 0110 
     (2' 1' 5  4  ) : 0000 1111 1010 0101 1001 0110 0000 1111 1010 0101 0110 1001 
     (2' 1' 5  4  ) : 1010 0101 1001 0110 1010 0101 0110 1001 
     (2' 1' 5  5  ) : 1010 1001 1010 0110 
     (3' 1' 4  1  ) : 0000 1111 1010 0101 1001 0110 0000 1111 1010 0101 0110 1001 
     (3' 1' 4  1  ) : 1010 0101 1001 0110 1010 0101 0110 1001 
     (3' 1' 5  1  ) : 0000 1111 1010 0101 1001 0110 0000 1111 1010 0101 0110 1001 
     (3' 1' 5  1  ) : 1010 0101 1001 0110 1010 0101 0110 1001 
     (3' 1' 2  2  ) : 1010 1001 1010 0110 
     (3' 1' 3  2  ) : 0000 1111 1010 0101 1001 0110 0000 1111 1010 0101 0110 1001 
     (3' 1' 3  2  ) : 1010 0101 1001 0110 1010 0101 0110 1001 
     (3' 1' 4  2  ) : 0000 1111 1010 0101 1001 0110 0000 1111 1010 0101 0110 1001 
     (3' 1' 4  2  ) : 1010 0101 1001 0110 1010 0101 0110 1001 
     (3' 1' 5  2  ) : 0000 1111 1010 0101 1001 0110 0000 1111 1010 0101 0110 1001 
     (3' 1' 5  2  ) : 1010 0101 1001 0110 1010 0101 0110 1001 
     (3' 1' 3  3  ) : 1010 1001 1010 0110 
     (3' 1' 4  3  ) : 0000 1111 1010 0101 1001 0110 0000 1111 1010 0101 0110 1001 
     (3' 1' 4  3  ) : 1010 0101 1001 0110 1010 0101 0110 1001 
     (3' 1' 5  3  ) : 0000 1111 1010 0101 1001 0110 0000 1111 1010 0101 0110 1001 
     (3' 1' 5  3  ) : 1010 0101 1001 0110 1010 0101 0110 1001 
     (3' 1' 4  4  ) : 1010 1001 1010 0110 
     (3' 1' 5  4  ) : 0000 1111 1010 0101 1001 0110 0000 1111 1010 0101 0110 1001 
     (3' 1' 5  4  ) : 1010 0101 1001 0110 1010 0101 0110 1001 
     (3' 1' 5  5  ) : 1010 1001 1010 0110 
     (4' 1' 5  1  ) : 0000 1111 1010 0101 1001 0110 0000 1111 1010 0101 0110 1001 
     (4' 1' 5  1  ) : 1010 0101 1001 0110 1010 0101 0110 1001 
     (4' 1' 2  2  ) : 1010 1001 1010 0110 
     (4' 1' 3  2  ) : 0000 1111 1010 0101 1001 0110 0000 1111 1010 0101 0110 1001 
     (4' 1' 3  2  ) : 1010 0101 1001 0110 1010 0101 0110 1001 
     (4' 1' 4  2  ) : 0000 1111 1010 0101 1001 0110 0000 1111 1010 0101 0110 1001 
     (4' 1' 4  2  ) : 1010 0101 1001 0110 1010 0101 0110 1001 
     (4' 1' 5  2  ) : 0000 1111 1010 0101 1001 0110 0000 1111 1010 0101 0110 1001 
     (4' 1' 5  2  ) : 1010 0101 1001 0110 1010 0101 0110 1001 
     (4' 1' 3  3  ) : 1010 1001 1010 0110 
     (4' 1' 4  3  ) : 0000 1111 1010 0101 1001 0110 0000 1111 1010 0101 0110 1001 
     (4' 1' 4  3  ) : 1010 0101 1001 0110 1010 0101 0110 1001 
     (4' 1' 5  3  ) : 0000 1111 1010 0101 1001 0110 0000 1111 1010 0101 0110 1001 
     (4' 1' 5  3  ) : 1010 0101 1001 0110 1010 0101 0110 1001 
     (4' 1' 4  4  ) : 1010 1001 1010 0110 
     (4' 1' 5  4  ) : 0000 1111 1010 0101 1001 0110 0000 1111 1010 0101 0110 1001 
     (4' 1' 5  4  ) : 1010 0101 1001 0110 1010 0101 0110 1001 
     (4' 1' 5  5  ) : 1010 1001 1010 0110 
     (5' 1' 2  2  ) : 1010 1001 1010 0110 
     (5' 1' 3  2  ) : 0000 1111 1010 0101 1001 0110 0000 1111 1010 0101 0110 1001 
     (5' 1' 3  2  ) : 1010 0101 1001 0110 1010 0101 0110 1001 
     (5' 1' 4  2  ) : 0000 1111 1010 0101 1001 0110 0000 1111 1010 0101 0110 1001 
     (5' 1' 4  2  ) : 1010 0101 1001 0110 1010 0101 0110 1001 
     (5' 1' 5  2  ) : 0000 1111 1010 0101 1001 0110 0000 1111 1010 0101 0110 1001 
     (5' 1' 5  2  ) : 1010 0101 1001 0110 1010 0101 0110 1001 
     (5' 1' 3  3  ) : 1010 1001 1010 0110 
     (5' 1' 4  3  ) : 0000 1111 1010 0101 1001 0110 0000 1111 1010 0101 0110 1001 
     (5' 1' 4  3  ) : 1010 0101 1001 0110 1010 0101 0110 1001 
     (5' 1' 5  3  ) : 0000 1111 1010 0101 1001 0110 0000 1111 1010 0101 0110 1001 
     (5' 1' 5  3  ) : 1010 0101 1001 0110 1010 0101 0110 1001 
     (5' 1' 4  4  ) : 1010 1001 1010 0110 
     (5' 1' 5  4  ) : 0000 1111 1010 0101 1001 0110 0000 1111 1010 0101 0110 1001 
     (5' 1' 5  4  ) : 1010 0101 1001 0110 1010 0101 0110 1001 
     (5' 1' 5  5  ) : 1010 1001 1010 0110 
     (2' 2' 3  2  ) : 1010 0110 1010 1001 
     (2' 2' 4  2  ) : 1010 0110 1010 1001 
     (2' 2' 5  2  ) : 1010 0110 1010 1001 
     (2' 2' 3  3  ) : 1010 1010 
     (2' 2' 4  3  ) : 1010 0110 1010 1001 
     (2' 2' 5  3  ) : 1010 0110 1010 1001 
     (2' 2' 4  4  ) : 1010 1010 
     (2' 2' 5  4  ) : 1010 0110 1010 1001 
     (2' 2' 5  5  ) : 1010 1010 
     (3' 2' 4  2  ) : 0000 1111 1010 0101 1001 0110 0000 1111 1010 0101 0110 1001 
     (3' 2' 4  2  ) : 1010 0101 1001 0110 1010 0101 0110 1001 
     (3' 2' 5  2  ) : 0000 1111 1010 0101 1001 0110 0000 1111 1010 0101 0110 1001 
     (3' 2' 5  2  ) : 1010 0101 1001 0110 1010 0101 0110 1001 
     (3' 2' 3  3  ) : 1010 1001 1010 0110 
     (3' 2' 4  3  ) : 0000 1111 1010 0101 1001 0110 0000 1111 1010 0101 0110 1001 
     (3' 2' 4  3  ) : 1010 0101 1001 0110 1010 0101 0110 1001 
     (3' 2' 5  3  ) : 0000 1111 1010 0101 1001 0110 0000 1111 1010 0101 0110 1001 
     (3' 2' 5  3  ) : 1010 0101 1001 0110 1010 0101 0110 1001 
     (3' 2' 4  4  ) : 1010 1001 1010 0110 
     (3' 2' 5  4  ) : 0000 1111 1010 0101 1001 0110 0000 1111 1010 0101 0110 1001 
     (3' 2' 5  4  ) : 1010 0101 1001 0110 1010 0101 0110 1001 
     (3' 2' 5  5  ) : 1010 1001 1010 0110 
     (4' 2' 5  2  ) : 0000 1111 1010 0101 1001 0110 0000 1111 1010 0101 0110 1001 
     (4' 2' 5  2  ) : 1010 0101 1001 0110 1010 0101 0110 1001 
     (4' 2' 3  3  ) : 1010 1001 1010 0110 
     (4' 2' 4  3  ) : 0000 1111 1010 0101 1001 0110 0000 1111 1010 0101 0110 1001 
     (4' 2' 4  3  ) : 1010 0101 1001 0110 1010 0101 0110 1001 
     (4' 2' 5  3  ) : 0000 1111 1010 0101 1001 0110 0000 1111 1010 0101 0110 1001 
     (4' 2' 5  3  ) : 1010 0101 1001 0110 1010 0101 0110 1001 
     (4' 2' 4  4  ) : 1010 1001 1010 0110 
     (4' 2' 5  4  ) : 0000 1111 1010 0101 1001 0110 0000 1111 1010 0101 0110 1001 
     (4' 2' 5  4  ) : 1010 0101 1001 0110 1010 0101 0110 1001 
     (4' 2' 5  5  ) : 1010 1001 1010 0110 
     (5' 2' 3  3  ) : 1010 1001 1010 0110 
     (5' 2' 4  3  ) : 0000 1111 1010 0101 1001 0110 0000 1111 1010 0101 0110 1001 
     (5' 2' 4  3  ) : 1010 0101 1001 0110 1010 0101 0110 1001 
     (5' 2' 5  3  ) : 0000 1111 1010 0101 1001 0110 0000 1111 1010 0101 0110 1001 
     (5' 2' 5  3  ) : 1010 0101 1001 0110 1010 0101 0110 1001 
     (5' 2' 4  4  ) : 1010 1001 1010 0110 
     (5' 2' 5  4  ) : 0000 1111 1010 0101 1001 0110 0000 1111 1010 0101 0110 1001 
     (5' 2' 5  4  ) : 1010 0101 1001 0110 1010 0101 0110 1001 
     (5' 2' 5  5  ) : 1010 1001 1010 0110 
     (3' 3' 4  3  ) : 1010 0110 1010 1001 
     (3' 3' 5  3  ) : 1010 0110 1010 1001 
     (3' 3' 4  4  ) : 1010 1010 
     (3' 3' 5  4  ) : 1010 0110 1010 1001 
     (3' 3' 5  5  ) : 1010 1010 
     (4' 3' 5  3  ) : 0000 1111 1010 0101 1001 0110 0000 1111 1010 0101 0110 1001 
     (4' 3' 5  3  ) : 1010 0101 1001 0110 1010 0101 0110 1001 
     (4' 3' 4  4  ) : 1010 1001 1010 0110 
     (4' 3' 5  4  ) : 0000 1111 1010 0101 1001 0110 0000 1111 1010 0101 0110 1001 
     (4' 3' 5  4  ) : 1010 0101 1001 0110 1010 0101 0110 1001 
     (4' 3' 5  5  ) : 1010 1001 1010 0110 
     (5' 3' 4  4  ) : 1010 1001 1010 0110 
     (5' 3' 5  4  ) : 0000 1111 1010 0101 1001 0110 0000 1111 1010 0101 0110 1001 
     (5' 3' 5  4  ) : 1010 0101 1001 0110 1010 0101 0110 1001 
     (5' 3' 5  5  ) : 1010 1001 1010 0110 
     (4' 4' 5  4  ) : 1010 0110 1010 1001 
     (4' 4' 5  5  ) : 1010 1010 
     (5' 4' 5  5  ) : 1010 1001 1010 0110 
 Final ADAPT-VQE energy: -75.01226520
 <S^2> of final state  :   0.00000000
