 ---------------------------------------------------------
                                                          
                      Using Pyscf:
                                                          
 ---------------------------------------------------------
                                                          
converged SCF energy = -74.9629055771195

System and Method:
[('O', (0, 0, 0)), ('H', (0.95700111, 0.0, 0.0)), ('H', (-0.23961394, 0.0, 0.92651836))]
Basis set                                      :       sto3g
Number of Orbitals                             :         7
Number of electrons                            :        10
Nuclear Repulsion                              :    9.1969230837 
Electronic SCF energy                          :  -84.1598286608 
SCF Energy                                     :  -74.9629055771
 AO->MO
 NElectrons:    4    4
 ecore: -60.66249228
 ERIs in the active-space:
(6, 6, 6, 6)    0.01036800 Mb
 n_orb:    6
 n_a  :    4
 n_b  :    4
 HF Energy: -74.96290558
 Build reference state with    4 alpha and    4 beta electrons [0, 2, 4, 6, 1, 3, 5, 7]
 State    0: -75.01228076 au  <S2>:  -0.00000000
 Form singlet GSD operators
 Number of operators:  330
           (1' 0  ) : 00 11 00 11 
           (2' 0  ) : 00 11 00 11 
           (3' 0  ) : 00 11 00 11 
           (4' 0  ) : 00 11 00 11 
           (5' 0  ) : 00 11 00 11 
           (2' 1  ) : 00 11 00 11 
           (3' 1  ) : 00 11 00 11 
           (4' 1  ) : 00 11 00 11 
           (5' 1  ) : 00 11 00 11 
           (3' 2  ) : 00 11 00 11 
           (4' 2  ) : 00 11 00 11 
           (5' 2  ) : 00 11 00 11 
           (4' 3  ) : 00 11 00 11 
           (5' 3  ) : 00 11 00 11 
           (5' 4  ) : 00 11 00 11 
     (0' 0' 1  0  ) : 1010 0110 1010 1001 
     (0' 0' 2  0  ) : 1010 0110 1010 1001 
     (0' 0' 3  0  ) : 1010 0110 1010 1001 
     (0' 0' 4  0  ) : 1010 0110 1010 1001 
     (0' 0' 5  0  ) : 1010 0110 1010 1001 
     (0' 0' 1  1  ) : 1010 1010 
     (0' 0' 2  1  ) : 1010 0110 1010 1001 
     (0' 0' 3  1  ) : 1010 0110 1010 1001 
     (0' 0' 4  1  ) : 1010 0110 1010 1001 
     (0' 0' 5  1  ) : 1010 0110 1010 1001 
     (0' 0' 2  2  ) : 1010 1010 
     (0' 0' 3  2  ) : 1010 0110 1010 1001 
     (0' 0' 4  2  ) : 1010 0110 1010 1001 
     (0' 0' 5  2  ) : 1010 0110 1010 1001 
     (0' 0' 3  3  ) : 1010 1010 
     (0' 0' 4  3  ) : 1010 0110 1010 1001 
     (0' 0' 5  3  ) : 1010 0110 1010 1001 
     (0' 0' 4  4  ) : 1010 1010 
     (0' 0' 5  4  ) : 1010 0110 1010 1001 
     (0' 0' 5  5  ) : 1010 1010 
     (1' 0' 2  0  ) : 0000 1111 1010 0101 1001 0110 0000 1111 1010 0101 0110 1001 
     (1' 0' 2  0  ) : 1010 0101 1001 0110 1010 0101 0110 1001 
     (1' 0' 3  0  ) : 0000 1111 1010 0101 1001 0110 0000 1111 1010 0101 0110 1001 
     (1' 0' 3  0  ) : 1010 0101 1001 0110 1010 0101 0110 1001 
     (1' 0' 4  0  ) : 0000 1111 1010 0101 1001 0110 0000 1111 1010 0101 0110 1001 
     (1' 0' 4  0  ) : 1010 0101 1001 0110 1010 0101 0110 1001 
     (1' 0' 5  0  ) : 0000 1111 1010 0101 1001 0110 0000 1111 1010 0101 0110 1001 
     (1' 0' 5  0  ) : 1010 0101 1001 0110 1010 0101 0110 1001 
     (1' 0' 1  1  ) : 1010 1001 1010 0110 
     (1' 0' 2  1  ) : 0000 1111 1010 0101 1001 0110 0000 1111 1010 0101 0110 1001 
     (1' 0' 2  1  ) : 1010 0101 1001 0110 1010 0101 0110 1001 
     (1' 0' 3  1  ) : 0000 1111 1010 0101 1001 0110 0000 1111 1010 0101 0110 1001 
     (1' 0' 3  1  ) : 1010 0101 1001 0110 1010 0101 0110 1001 
     (1' 0' 4  1  ) : 0000 1111 1010 0101 1001 0110 0000 1111 1010 0101 0110 1001 
     (1' 0' 4  1  ) : 1010 0101 1001 0110 1010 0101 0110 1001 
     (1' 0' 5  1  ) : 0000 1111 1010 0101 1001 0110 0000 1111 1010 0101 0110 1001 
     (1' 0' 5  1  ) : 1010 0101 1001 0110 1010 0101 0110 1001 
     (1' 0' 2  2  ) : 1010 1001 1010 0110 
     (1' 0' 3  2  ) : 0000 1111 1010 0101 1001 0110 0000 1111 1010 0101 0110 1001 
     (1' 0' 3  2  ) : 1010 0101 1001 0110 1010 0101 0110 1001 
     (1' 0' 4  2  ) : 0000 1111 1010 0101 1001 0110 0000 1111 1010 0101 0110 1001 
     (1' 0' 4  2  ) : 1010 0101 1001 0110 1010 0101 0110 1001 
     (1' 0' 5  2  ) : 0000 1111 1010 0101 1001 0110 0000 1111 1010 0101 0110 1001 
     (1' 0' 5  2  ) : 1010 0101 1001 0110 1010 0101 0110 1001 
     (1' 0' 3  3  ) : 1010 1001 1010 0110 
     (1' 0' 4  3  ) : 0000 1111 1010 0101 1001 0110 0000 1111 1010 0101 0110 1001 
     (1' 0' 4  3  ) : 1010 0101 1001 0110 1010 0101 0110 1001 
     (1' 0' 5  3  ) : 0000 1111 1010 0101 1001 0110 0000 1111 1010 0101 0110 1001 
     (1' 0' 5  3  ) : 1010 0101 1001 0110 1010 0101 0110 1001 
     (1' 0' 4  4  ) : 1010 1001 1010 0110 
     (1' 0' 5  4  ) : 0000 1111 1010 0101 1001 0110 0000 1111 1010 0101 0110 1001 
     (1' 0' 5  4  ) : 1010 0101 1001 0110 1010 0101 0110 1001 
     (1' 0' 5  5  ) : 1010 1001 1010 0110 
     (2' 0' 3  0  ) : 0000 1111 1010 0101 1001 0110 0000 1111 1010 0101 0110 1001 
     (2' 0' 3  0  ) : 1010 0101 1001 0110 1010 0101 0110 1001 
     (2' 0' 4  0  ) : 0000 1111 1010 0101 1001 0110 0000 1111 1010 0101 0110 1001 
     (2' 0' 4  0  ) : 1010 0101 1001 0110 1010 0101 0110 1001 
     (2' 0' 5  0  ) : 0000 1111 1010 0101 1001 0110 0000 1111 1010 0101 0110 1001 
     (2' 0' 5  0  ) : 1010 0101 1001 0110 1010 0101 0110 1001 
     (2' 0' 1  1  ) : 1010 1001 1010 0110 
     (2' 0' 2  1  ) : 0000 1111 1010 0101 1001 0110 0000 1111 1010 0101 0110 1001 
     (2' 0' 2  1  ) : 1010 0101 1001 0110 1010 0101 0110 1001 
     (2' 0' 3  1  ) : 0000 1111 1010 0101 1001 0110 0000 1111 1010 0101 0110 1001 
     (2' 0' 3  1  ) : 1010 0101 1001 0110 1010 0101 0110 1001 
     (2' 0' 4  1  ) : 0000 1111 1010 0101 1001 0110 0000 1111 1010 0101 0110 1001 
     (2' 0' 4  1  ) : 1010 0101 1001 0110 1010 0101 0110 1001 
     (2' 0' 5  1  ) : 0000 1111 1010 0101 1001 0110 0000 1111 1010 0101 0110 1001 
     (2' 0' 5  1  ) : 1010 0101 1001 0110 1010 0101 0110 1001 
     (2' 0' 2  2  ) : 1010 1001 1010 0110 
     (2' 0' 3  2  ) : 0000 1111 1010 0101 1001 0110 0000 1111 1010 0101 0110 1001 
     (2' 0' 3  2  ) : 1010 0101 1001 0110 1010 0101 0110 1001 
     (2' 0' 4  2  ) : 0000 1111 1010 0101 1001 0110 0000 1111 1010 0101 0110 1001 
     (2' 0' 4  2  ) : 1010 0101 1001 0110 1010 0101 0110 1001 
     (2' 0' 5  2  ) : 0000 1111 1010 0101 1001 0110 0000 1111 1010 0101 0110 1001 
     (2' 0' 5  2  ) : 1010 0101 1001 0110 1010 0101 0110 1001 
     (2' 0' 3  3  ) : 1010 1001 1010 0110 
     (2' 0' 4  3  ) : 0000 1111 1010 0101 1001 0110 0000 1111 1010 0101 0110 1001 
     (2' 0' 4  3  ) : 1010 0101 1001 0110 1010 0101 0110 1001 
     (2' 0' 5  3  ) : 0000 1111 1010 0101 1001 0110 0000 1111 1010 0101 0110 1001 
     (2' 0' 5  3  ) : 1010 0101 1001 0110 1010 0101 0110 1001 
     (2' 0' 4  4  ) : 1010 1001 1010 0110 
     (2' 0' 5  4  ) : 0000 1111 1010 0101 1001 0110 0000 1111 1010 0101 0110 1001 
     (2' 0' 5  4  ) : 1010 0101 1001 0110 1010 0101 0110 1001 
     (2' 0' 5  5  ) : 1010 1001 1010 0110 
     (3' 0' 4  0  ) : 0000 1111 1010 0101 1001 0110 0000 1111 1010 0101 0110 1001 
     (3' 0' 4  0  ) : 1010 0101 1001 0110 1010 0101 0110 1001 
     (3' 0' 5  0  ) : 0000 1111 1010 0101 1001 0110 0000 1111 1010 0101 0110 1001 
     (3' 0' 5  0  ) : 1010 0101 1001 0110 1010 0101 0110 1001 
     (3' 0' 1  1  ) : 1010 1001 1010 0110 
     (3' 0' 2  1  ) : 0000 1111 1010 0101 1001 0110 0000 1111 1010 0101 0110 1001 
     (3' 0' 2  1  ) : 1010 0101 1001 0110 1010 0101 0110 1001 
     (3' 0' 3  1  ) : 0000 1111 1010 0101 1001 0110 0000 1111 1010 0101 0110 1001 
     (3' 0' 3  1  ) : 1010 0101 1001 0110 1010 0101 0110 1001 
     (3' 0' 4  1  ) : 0000 1111 1010 0101 1001 0110 0000 1111 1010 0101 0110 1001 
     (3' 0' 4  1  ) : 1010 0101 1001 0110 1010 0101 0110 1001 
     (3' 0' 5  1  ) : 0000 1111 1010 0101 1001 0110 0000 1111 1010 0101 0110 1001 
     (3' 0' 5  1  ) : 1010 0101 1001 0110 1010 0101 0110 1001 
     (3' 0' 2  2  ) : 1010 1001 1010 0110 
     (3' 0' 3  2  ) : 0000 1111 1010 0101 1001 0110 0000 1111 1010 0101 0110 1001 
     (3' 0' 3  2  ) : 1010 0101 1001 0110 1010 0101 0110 1001 
     (3' 0' 4  2  ) : 0000 1111 1010 0101 1001 0110 0000 1111 1010 0101 0110 1001 
     (3' 0' 4  2  ) : 1010 0101 1001 0110 1010 0101 0110 1001 
     (3' 0' 5  2  ) : 0000 1111 1010 0101 1001 0110 0000 1111 1010 0101 0110 1001 
     (3' 0' 5  2  ) : 1010 0101 1001 0110 1010 0101 0110 1001 
     (3' 0' 3  3  ) : 1010 1001 1010 0110 
     (3' 0' 4  3  ) : 0000 1111 1010 0101 1001 0110 0000 1111 1010 0101 0110 1001 
     (3' 0' 4  3  ) : 1010 0101 1001 0110 1010 0101 0110 1001 
     (3' 0' 5  3  ) : 0000 1111 1010 0101 1001 0110 0000 1111 1010 0101 0110 1001 
     (3' 0' 5  3  ) : 1010 0101 1001 0110 1010 0101 0110 1001 
     (3' 0' 4  4  ) : 1010 1001 1010 0110 
     (3' 0' 5  4  ) : 0000 1111 1010 0101 1001 0110 0000 1111 1010 0101 0110 1001 
     (3' 0' 5  4  ) : 1010 0101 1001 0110 1010 0101 0110 1001 
     (3' 0' 5  5  ) : 1010 1001 1010 0110 
     (4' 0' 5  0  ) : 0000 1111 1010 0101 1001 0110 0000 1111 1010 0101 0110 1001 
     (4' 0' 5  0  ) : 1010 0101 1001 0110 1010 0101 0110 1001 
     (4' 0' 1  1  ) : 1010 1001 1010 0110 
     (4' 0' 2  1  ) : 0000 1111 1010 0101 1001 0110 0000 1111 1010 0101 0110 1001 
     (4' 0' 2  1  ) : 1010 0101 1001 0110 1010 0101 0110 1001 
     (4' 0' 3  1  ) : 0000 1111 1010 0101 1001 0110 0000 1111 1010 0101 0110 1001 
     (4' 0' 3  1  ) : 1010 0101 1001 0110 1010 0101 0110 1001 
     (4' 0' 4  1  ) : 0000 1111 1010 0101 1001 0110 0000 1111 1010 0101 0110 1001 
     (4' 0' 4  1  ) : 1010 0101 1001 0110 1010 0101 0110 1001 
     (4' 0' 5  1  ) : 0000 1111 1010 0101 1001 0110 0000 1111 1010 0101 0110 1001 
     (4' 0' 5  1  ) : 1010 0101 1001 0110 1010 0101 0110 1001 
     (4' 0' 2  2  ) : 1010 1001 1010 0110 
     (4' 0' 3  2  ) : 0000 1111 1010 0101 1001 0110 0000 1111 1010 0101 0110 1001 
     (4' 0' 3  2  ) : 1010 0101 1001 0110 1010 0101 0110 1001 
     (4' 0' 4  2  ) : 0000 1111 1010 0101 1001 0110 0000 1111 1010 0101 0110 1001 
     (4' 0' 4  2  ) : 1010 0101 1001 0110 1010 0101 0110 1001 
     (4' 0' 5  2  ) : 0000 1111 1010 0101 1001 0110 0000 1111 1010 0101 0110 1001 
     (4' 0' 5  2  ) : 1010 0101 1001 0110 1010 0101 0110 1001 
     (4' 0' 3  3  ) : 1010 1001 1010 0110 
     (4' 0' 4  3  ) : 0000 1111 1010 0101 1001 0110 0000 1111 1010 0101 0110 1001 
     (4' 0' 4  3  ) : 1010 0101 1001 0110 1010 0101 0110 1001 
     (4' 0' 5  3  ) : 0000 1111 1010 0101 1001 0110 0000 1111 1010 0101 0110 1001 
     (4' 0' 5  3  ) : 1010 0101 1001 0110 1010 0101 0110 1001 
     (4' 0' 4  4  ) : 1010 1001 1010 0110 
     (4' 0' 5  4  ) : 0000 1111 1010 0101 1001 0110 0000 1111 1010 0101 0110 1001 
     (4' 0' 5  4  ) : 1010 0101 1001 0110 1010 0101 0110 1001 
     (4' 0' 5  5  ) : 1010 1001 1010 0110 
     (5' 0' 1  1  ) : 1010 1001 1010 0110 
     (5' 0' 2  1  ) : 0000 1111 1010 0101 1001 0110 0000 1111 1010 0101 0110 1001 
     (5' 0' 2  1  ) : 1010 0101 1001 0110 1010 0101 0110 1001 
     (5' 0' 3  1  ) : 0000 1111 1010 0101 1001 0110 0000 1111 1010 0101 0110 1001 
     (5' 0' 3  1  ) : 1010 0101 1001 0110 1010 0101 0110 1001 
     (5' 0' 4  1  ) : 0000 1111 1010 0101 1001 0110 0000 1111 1010 0101 0110 1001 
     (5' 0' 4  1  ) : 1010 0101 1001 0110 1010 0101 0110 1001 
     (5' 0' 5  1  ) : 0000 1111 1010 0101 1001 0110 0000 1111 1010 0101 0110 1001 
     (5' 0' 5  1  ) : 1010 0101 1001 0110 1010 0101 0110 1001 
     (5' 0' 2  2  ) : 1010 1001 1010 0110 
     (5' 0' 3  2  ) : 0000 1111 1010 0101 1001 0110 0000 1111 1010 0101 0110 1001 
     (5' 0' 3  2  ) : 1010 0101 1001 0110 1010 0101 0110 1001 
     (5' 0' 4  2  ) : 0000 1111 1010 0101 1001 0110 0000 1111 1010 0101 0110 1001 
     (5' 0' 4  2  ) : 1010 0101 1001 0110 1010 0101 0110 1001 
     (5' 0' 5  2  ) : 0000 1111 1010 0101 1001 0110 0000 1111 1010 0101 0110 1001 
     (5' 0' 5  2  ) : 1010 0101 1001 0110 1010 0101 0110 1001 
     (5' 0' 3  3  ) : 1010 1001 1010 0110 
     (5' 0' 4  3  ) : 0000 1111 1010 0101 1001 0110 0000 1111 1010 0101 0110 1001 
     (5' 0' 4  3  ) : 1010 0101 1001 0110 1010 0101 0110 1001 
     (5' 0' 5  3  ) : 0000 1111 1010 0101 1001 0110 0000 1111 1010 0101 0110 1001 
     (5' 0' 5  3  ) : 1010 0101 1001 0110 1010 0101 0110 1001 
     (5' 0' 4  4  ) : 1010 1001 1010 0110 
     (5' 0' 5  4  ) : 0000 1111 1010 0101 1001 0110 0000 1111 1010 0101 0110 1001 
     (5' 0' 5  4  ) : 1010 0101 1001 0110 1010 0101 0110 1001 
     (5' 0' 5  5  ) : 1010 1001 1010 0110 
     (1' 1' 2  1  ) : 1010 0110 1010 1001 
     (1' 1' 3  1  ) : 1010 0110 1010 1001 
     (1' 1' 4  1  ) : 1010 0110 1010 1001 
     (1' 1' 5  1  ) : 1010 0110 1010 1001 
     (1' 1' 2  2  ) : 1010 1010 
     (1' 1' 3  2  ) : 1010 0110 1010 1001 
     (1' 1' 4  2  ) : 1010 0110 1010 1001 
     (1' 1' 5  2  ) : 1010 0110 1010 1001 
     (1' 1' 3  3  ) : 1010 1010 
     (1' 1' 4  3  ) : 1010 0110 1010 1001 
     (1' 1' 5  3  ) : 1010 0110 1010 1001 
     (1' 1' 4  4  ) : 1010 1010 
     (1' 1' 5  4  ) : 1010 0110 1010 1001 
     (1' 1' 5  5  ) : 1010 1010 
     (2' 1' 3  1  ) : 0000 1111 1010 0101 1001 0110 0000 1111 1010 0101 0110 1001 
     (2' 1' 3  1  ) : 1010 0101 1001 0110 1010 0101 0110 1001 
     (2' 1' 4  1  ) : 0000 1111 1010 0101 1001 0110 0000 1111 1010 0101 0110 1001 
     (2' 1' 4  1  ) : 1010 0101 1001 0110 1010 0101 0110 1001 
     (2' 1' 5  1  ) : 0000 1111 1010 0101 1001 0110 0000 1111 1010 0101 0110 1001 
     (2' 1' 5  1  ) : 1010 0101 1001 0110 1010 0101 0110 1001 
     (2' 1' 2  2  ) : 1010 1001 1010 0110 
     (2' 1' 3  2  ) : 0000 1111 1010 0101 1001 0110 0000 1111 1010 0101 0110 1001 
     (2' 1' 3  2  ) : 1010 0101 1001 0110 1010 0101 0110 1001 
     (2' 1' 4  2  ) : 0000 1111 1010 0101 1001 0110 0000 1111 1010 0101 0110 1001 
     (2' 1' 4  2  ) : 1010 0101 1001 0110 1010 0101 0110 1001 
     (2' 1' 5  2  ) : 0000 1111 1010 0101 1001 0110 0000 1111 1010 0101 0110 1001 
     (2' 1' 5  2  ) : 1010 0101 1001 0110 1010 0101 0110 1001 
     (2' 1' 3  3  ) : 1010 1001 1010 0110 
     (2' 1' 4  3  ) : 0000 1111 1010 0101 1001 0110 0000 1111 1010 0101 0110 1001 
     (2' 1' 4  3  ) : 1010 0101 1001 0110 1010 0101 0110 1001 
     (2' 1' 5  3  ) : 0000 1111 1010 0101 1001 0110 0000 1111 1010 0101 0110 1001 
     (2' 1' 5  3  ) : 1010 0101 1001 0110 1010 0101 0110 1001 
     (2' 1' 4  4  ) : 1010 1001 1010 0110 
     (2' 1' 5  4  ) : 0000 1111 1010 0101 1001 0110 0000 1111 1010 0101 0110 1001 
     (2' 1' 5  4  ) : 1010 0101 1001 0110 1010 0101 0110 1001 
     (2' 1' 5  5  ) : 1010 1001 1010 0110 
     (3' 1' 4  1  ) : 0000 1111 1010 0101 1001 0110 0000 1111 1010 0101 0110 1001 
     (3' 1' 4  1  ) : 1010 0101 1001 0110 1010 0101 0110 1001 
     (3' 1' 5  1  ) : 0000 1111 1010 0101 1001 0110 0000 1111 1010 0101 0110 1001 
     (3' 1' 5  1  ) : 1010 0101 1001 0110 1010 0101 0110 1001 
     (3' 1' 2  2  ) : 1010 1001 1010 0110 
     (3' 1' 3  2  ) : 0000 1111 1010 0101 1001 0110 0000 1111 1010 0101 0110 1001 
     (3' 1' 3  2  ) : 1010 0101 1001 0110 1010 0101 0110 1001 
     (3' 1' 4  2  ) : 0000 1111 1010 0101 1001 0110 0000 1111 1010 0101 0110 1001 
     (3' 1' 4  2  ) : 1010 0101 1001 0110 1010 0101 0110 1001 
     (3' 1' 5  2  ) : 0000 1111 1010 0101 1001 0110 0000 1111 1010 0101 0110 1001 
     (3' 1' 5  2  ) : 1010 0101 1001 0110 1010 0101 0110 1001 
     (3' 1' 3  3  ) : 1010 1001 1010 0110 
     (3' 1' 4  3  ) : 0000 1111 1010 0101 1001 0110 0000 1111 1010 0101 0110 1001 
     (3' 1' 4  3  ) : 1010 0101 1001 0110 1010 0101 0110 1001 
     (3' 1' 5  3  ) : 0000 1111 1010 0101 1001 0110 0000 1111 1010 0101 0110 1001 
     (3' 1' 5  3  ) : 1010 0101 1001 0110 1010 0101 0110 1001 
     (3' 1' 4  4  ) : 1010 1001 1010 0110 
     (3' 1' 5  4  ) : 0000 1111 1010 0101 1001 0110 0000 1111 1010 0101 0110 1001 
     (3' 1' 5  4  ) : 1010 0101 1001 0110 1010 0101 0110 1001 
     (3' 1' 5  5  ) : 1010 1001 1010 0110 
     (4' 1' 5  1  ) : 0000 1111 1010 0101 1001 0110 0000 1111 1010 0101 0110 1001 
     (4' 1' 5  1  ) : 1010 0101 1001 0110 1010 0101 0110 1001 
     (4' 1' 2  2  ) : 1010 1001 1010 0110 
     (4' 1' 3  2  ) : 0000 1111 1010 0101 1001 0110 0000 1111 1010 0101 0110 1001 
     (4' 1' 3  2  ) : 1010 0101 1001 0110 1010 0101 0110 1001 
     (4' 1' 4  2  ) : 0000 1111 1010 0101 1001 0110 0000 1111 1010 0101 0110 1001 
     (4' 1' 4  2  ) : 1010 0101 1001 0110 1010 0101 0110 1001 
     (4' 1' 5  2  ) : 0000 1111 1010 0101 1001 0110 0000 1111 1010 0101 0110 1001 
     (4' 1' 5  2  ) : 1010 0101 1001 0110 1010 0101 0110 1001 
     (4' 1' 3  3  ) : 1010 1001 1010 0110 
     (4' 1' 4  3  ) : 0000 1111 1010 0101 1001 0110 0000 1111 1010 0101 0110 1001 
     (4' 1' 4  3  ) : 1010 0101 1001 0110 1010 0101 0110 1001 
     (4' 1' 5  3  ) : 0000 1111 1010 0101 1001 0110 0000 1111 1010 0101 0110 1001 
     (4' 1' 5  3  ) : 1010 0101 1001 0110 1010 0101 0110 1001 
     (4' 1' 4  4  ) : 1010 1001 1010 0110 
     (4' 1' 5  4  ) : 0000 1111 1010 0101 1001 0110 0000 1111 1010 0101 0110 1001 
     (4' 1' 5  4  ) : 1010 0101 1001 0110 1010 0101 0110 1001 
     (4' 1' 5  5  ) : 1010 1001 1010 0110 
     (5' 1' 2  2  ) : 1010 1001 1010 0110 
     (5' 1' 3  2  ) : 0000 1111 1010 0101 1001 0110 0000 1111 1010 0101 0110 1001 
     (5' 1' 3  2  ) : 1010 0101 1001 0110 1010 0101 0110 1001 
     (5' 1' 4  2  ) : 0000 1111 1010 0101 1001 0110 0000 1111 1010 0101 0110 1001 
     (5' 1' 4  2  ) : 1010 0101 1001 0110 1010 0101 0110 1001 
     (5' 1' 5  2  ) : 0000 1111 1010 0101 1001 0110 0000 1111 1010 0101 0110 1001 
     (5' 1' 5  2  ) : 1010 0101 1001 0110 1010 0101 0110 1001 
     (5' 1' 3  3  ) : 1010 1001 1010 0110 
     (5' 1' 4  3  ) : 0000 1111 1010 0101 1001 0110 0000 1111 1010 0101 0110 1001 
     (5' 1' 4  3  ) : 1010 0101 1001 0110 1010 0101 0110 1001 
     (5' 1' 5  3  ) : 0000 1111 1010 0101 1001 0110 0000 1111 1010 0101 0110 1001 
     (5' 1' 5  3  ) : 1010 0101 1001 0110 1010 0101 0110 1001 
     (5' 1' 4  4  ) : 1010 1001 1010 0110 
     (5' 1' 5  4  ) : 0000 1111 1010 0101 1001 0110 0000 1111 1010 0101 0110 1001 
     (5' 1' 5  4  ) : 1010 0101 1001 0110 1010 0101 0110 1001 
     (5' 1' 5  5  ) : 1010 1001 1010 0110 
     (2' 2' 3  2  ) : 1010 0110 1010 1001 
     (2' 2' 4  2  ) : 1010 0110 1010 1001 
     (2' 2' 5  2  ) : 1010 0110 1010 1001 
     (2' 2' 3  3  ) : 1010 1010 
     (2' 2' 4  3  ) : 1010 0110 1010 1001 
     (2' 2' 5  3  ) : 1010 0110 1010 1001 
     (2' 2' 4  4  ) : 1010 1010 
     (2' 2' 5  4  ) : 1010 0110 1010 1001 
     (2' 2' 5  5  ) : 1010 1010 
     (3' 2' 4  2  ) : 0000 1111 1010 0101 1001 0110 0000 1111 1010 0101 0110 1001 
     (3' 2' 4  2  ) : 1010 0101 1001 0110 1010 0101 0110 1001 
     (3' 2' 5  2  ) : 0000 1111 1010 0101 1001 0110 0000 1111 1010 0101 0110 1001 
     (3' 2' 5  2  ) : 1010 0101 1001 0110 1010 0101 0110 1001 
     (3' 2' 3  3  ) : 1010 1001 1010 0110 
     (3' 2' 4  3  ) : 0000 1111 1010 0101 1001 0110 0000 1111 1010 0101 0110 1001 
     (3' 2' 4  3  ) : 1010 0101 1001 0110 1010 0101 0110 1001 
     (3' 2' 5  3  ) : 0000 1111 1010 0101 1001 0110 0000 1111 1010 0101 0110 1001 
     (3' 2' 5  3  ) : 1010 0101 1001 0110 1010 0101 0110 1001 
     (3' 2' 4  4  ) : 1010 1001 1010 0110 
     (3' 2' 5  4  ) : 0000 1111 1010 0101 1001 0110 0000 1111 1010 0101 0110 1001 
     (3' 2' 5  4  ) : 1010 0101 1001 0110 1010 0101 0110 1001 
     (3' 2' 5  5  ) : 1010 1001 1010 0110 
     (4' 2' 5  2  ) : 0000 1111 1010 0101 1001 0110 0000 1111 1010 0101 0110 1001 
     (4' 2' 5  2  ) : 1010 0101 1001 0110 1010 0101 0110 1001 
     (4' 2' 3  3  ) : 1010 1001 1010 0110 
     (4' 2' 4  3  ) : 0000 1111 1010 0101 1001 0110 0000 1111 1010 0101 0110 1001 
     (4' 2' 4  3  ) : 1010 0101 1001 0110 1010 0101 0110 1001 
     (4' 2' 5  3  ) : 0000 1111 1010 0101 1001 0110 0000 1111 1010 0101 0110 1001 
     (4' 2' 5  3  ) : 1010 0101 1001 0110 1010 0101 0110 1001 
     (4' 2' 4  4  ) : 1010 1001 1010 0110 
     (4' 2' 5  4  ) : 0000 1111 1010 0101 1001 0110 0000 1111 1010 0101 0110 1001 
     (4' 2' 5  4  ) : 1010 0101 1001 0110 1010 0101 0110 1001 
     (4' 2' 5  5  ) : 1010 1001 1010 0110 
     (5' 2' 3  3  ) : 1010 1001 1010 0110 
     (5' 2' 4  3  ) : 0000 1111 1010 0101 1001 0110 0000 1111 1010 0101 0110 1001 
     (5' 2' 4  3  ) : 1010 0101 1001 0110 1010 0101 0110 1001 
     (5' 2' 5  3  ) : 0000 1111 1010 0101 1001 0110 0000 1111 1010 0101 0110 1001 
     (5' 2' 5  3  ) : 1010 0101 1001 0110 1010 0101 0110 1001 
     (5' 2' 4  4  ) : 1010 1001 1010 0110 
     (5' 2' 5  4  ) : 0000 1111 1010 0101 1001 0110 0000 1111 1010 0101 0110 1001 
     (5' 2' 5  4  ) : 1010 0101 1001 0110 1010 0101 0110 1001 
     (5' 2' 5  5  ) : 1010 1001 1010 0110 
     (3' 3' 4  3  ) : 1010 0110 1010 1001 
     (3' 3' 5  3  ) : 1010 0110 1010 1001 
     (3' 3' 4  4  ) : 1010 1010 
     (3' 3' 5  4  ) : 1010 0110 1010 1001 
     (3' 3' 5  5  ) : 1010 1010 
     (4' 3' 5  3  ) : 0000 1111 1010 0101 1001 0110 0000 1111 1010 0101 0110 1001 
     (4' 3' 5  3  ) : 1010 0101 1001 0110 1010 0101 0110 1001 
     (4' 3' 4  4  ) : 1010 1001 1010 0110 
     (4' 3' 5  4  ) : 0000 1111 1010 0101 1001 0110 0000 1111 1010 0101 0110 1001 
     (4' 3' 5  4  ) : 1010 0101 1001 0110 1010 0101 0110 1001 
     (4' 3' 5  5  ) : 1010 1001 1010 0110 
     (5' 3' 4  4  ) : 1010 1001 1010 0110 
     (5' 3' 5  4  ) : 0000 1111 1010 0101 1001 0110 0000 1111 1010 0101 0110 1001 
     (5' 3' 5  4  ) : 1010 0101 1001 0110 1010 0101 0110 1001 
     (5' 3' 5  5  ) : 1010 1001 1010 0110 
     (4' 4' 5  4  ) : 1010 0110 1010 1001 
     (4' 4' 5  5  ) : 1010 1010 
     (5' 4' 5  5  ) : 1010 1001 1010 0110 
 Final ADAPT-VQE energy: -75.01226520
 <S^2> of final state  :   0.00000000
opt[0] is   (12, 3584)	(-1+0j)
  (13, 3585)	(-1+0j)
  (14, 3586)	(-1+0j)
  (15, 3587)	(-1+0j)
  (28, 3600)	(-1+0j)
  (29, 3601)	(-1+0j)
  (30, 3602)	(-1+0j)
  (31, 3603)	(-1+0j)
  (44, 3616)	(-1+0j)
  (45, 3617)	(-1+0j)
  (46, 3618)	(-1+0j)
  (47, 3619)	(-1+0j)
  (60, 3632)	(-1+0j)
  (61, 3633)	(-1+0j)
  (62, 3634)	(-1+0j)
  (63, 3635)	(-1+0j)
  (76, 3648)	(-1+0j)
  (77, 3649)	(-1+0j)
  (78, 3650)	(-1+0j)
  (79, 3651)	(-1+0j)
  (92, 3664)	(-1+0j)
  (93, 3665)	(-1+0j)
  (94, 3666)	(-1+0j)
  (95, 3667)	(-1+0j)
  (108, 3680)	(-1+0j)
  :	:
  (415, 3987)	(-1+0j)
  (428, 4000)	(-1+0j)
  (429, 4001)	(-1+0j)
  (430, 4002)	(-1+0j)
  (431, 4003)	(-1+0j)
  (444, 4016)	(-1+0j)
  (445, 4017)	(-1+0j)
  (446, 4018)	(-1+0j)
  (447, 4019)	(-1+0j)
  (460, 4032)	(-1+0j)
  (461, 4033)	(-1+0j)
  (462, 4034)	(-1+0j)
  (463, 4035)	(-1+0j)
  (476, 4048)	(-1+0j)
  (477, 4049)	(-1+0j)
  (478, 4050)	(-1+0j)
  (479, 4051)	(-1+0j)
  (492, 4064)	(-1+0j)
  (493, 4065)	(-1+0j)
  (494, 4066)	(-1+0j)
  (495, 4067)	(-1+0j)
  (508, 4080)	(-1+0j)
  (509, 4081)	(-1+0j)
  (510, 4082)	(-1+0j)
  (511, 4083)	(-1+0j)
barH based energy diff=0? -4.263256414560601e-14
final excitation energies [-75.0122652  -75.0122652  -75.0122652  -75.0122652  -75.0122652
 -75.0122652  -75.0122652  -75.0122652  -75.0122652  -75.0122652
 -75.0122652  -75.0122652  -75.0122652  -75.0122652  -75.0122652
 -75.0122652  -75.0122652  -75.0122652  -75.0122652  -75.0122652
 -75.0122652  -75.0122652  -75.0122652  -75.0122652  -75.0122652
 -75.0122652  -75.0122652  -75.0122652  -75.0122652  -75.0122652
 -75.0122652  -75.0122652  -75.0122652  -75.0122652  -75.0122652
 -75.0122652  -75.0122652  -75.0122652  -75.0122652  -75.0122652
 -75.0122652  -75.0122652  -75.0122652  -75.0122652  -75.0122652
 -75.0122652  -75.0122652  -75.0122652  -75.0122652  -75.0122652
 -75.0122652  -75.0122652  -75.0122652  -75.0122652  -75.0122652
 -75.0122652  -75.0122652  -75.0122652  -75.0122652  -75.0122652
 -75.0122652  -75.0122652  -75.0122652  -75.0122652  -75.0122652
 -75.0122652  -75.0122652  -75.0122652  -75.0122652  -75.0122652
 -75.0122652  -75.0122652  -75.0122652  -75.0122652  -75.0122652
 -75.0122652  -75.0122652  -75.0122652  -75.0122652  -75.0122652
 -75.0122652  -75.0122652  -75.0122652  -75.0122652  -75.0122652
 -75.0122652  -75.0122652  -75.0122652  -75.0122652  -75.0122652
 -75.0122652  -75.0122652  -75.0122652  -75.0122652  -75.0122652
 -75.0122652  -75.0122652  -75.0122652  -75.0122652  -75.0122652
 -75.0122652  -75.0122652  -75.0122652  -75.0122652  -75.0122652
 -75.0122652  -75.0122652  -75.0122652  -75.0122652  -75.0122652
 -75.0122652  -75.0122652  -75.0122652  -75.0122652  -75.0122652
 -75.0122652  -75.0122652  -75.0122652  -75.0122652  -75.0122652
 -75.0122652  -75.0122652  -75.0122652  -75.0122652  -75.0122652
 -75.0122652  -75.0122652  -75.0122652  -75.0122652  -75.0122652
 -75.0122652  -75.0122652  -75.0122652  -75.0122652  -75.0122652
 -75.0122652  -75.0122652  -75.0122652  -75.0122652  -75.0122652
 -75.0122652  -75.0122652  -75.0122652  -75.0122652  -75.0122652
 -75.0122652  -75.0122652  -75.0122652  -75.0122652  -75.0122652
 -75.0122652  -75.0122652  -75.0122652  -75.0122652  -75.0122652
 -75.0122652  -75.0122652  -75.0122652  -75.0122652  -75.0122652
 -75.0122652  -75.0122652  -75.0122652  -75.0122652  -75.0122652
 -75.0122652  -75.0122652  -75.0122652  -75.0122652  -75.0122652
 -75.0122652  -75.0122652  -75.0122652  -75.0122652  -75.0122652
 -75.0122652  -75.0122652  -75.0122652  -75.0122652  -75.0122652
 -75.0122652  -75.0122652  -75.0122652  -75.0122652  -75.0122652
 -75.0122652  -75.0122652  -75.0122652  -75.0122652  -75.0122652
 -75.0122652  -75.0122652  -75.0122652  -75.0122652  -75.0122652
 -75.0122652  -75.0122652  -75.0122652  -75.0122652  -75.0122652
 -75.0122652  -75.0122652  -75.0122652  -75.0122652  -75.0122652
 -75.0122652  -75.0122652  -75.0122652  -75.0122652  -75.0122652
 -75.0122652  -75.0122652  -75.0122652  -75.0122652  -75.0122652
 -75.0122652  -75.0122652  -75.0122652  -75.0122652  -75.0122652
 -75.0122652  -75.0122652  -75.0122652  -75.0122652  -75.0122652
 -75.0122652  -75.0122652  -75.0122652  -75.0122652  -75.0122652
 -75.0122652  -75.0122652  -75.0122652  -75.0122652  -75.0122652
 -75.0122652  -75.0122652  -75.0122652  -75.0122652  -75.0122652
 -75.0122652  -75.0122652  -75.0122652  -75.0122652  -75.0122652
 -75.0122652  -75.0122652  -75.0122652  -75.0122652  -75.0122652
 -75.0122652  -75.0122652  -75.0122652  -75.0122652  -75.0122652
 -75.0122652  -75.0122652  -75.0122652  -75.0122652  -75.0122652
 -75.0122652  -75.0122652  -75.0122652  -75.0122652  -75.0122652
 -75.0122652  -75.0122652  -75.0122652  -75.0122652  -75.0122652
 -75.0122652  -75.0122652  -75.0122652  -75.0122652  -75.0122652
 -75.0122652  -75.0122652  -75.0122652  -75.0122652  -75.0122652
 -74.69378538 -74.69378538 -74.60513673 -74.60513673 -74.3983927
 -74.3983927  -74.09973728 -74.09973728 -74.04252724 -74.04252724
 -74.01592143 -74.01592143 -73.99475379 -73.99475379 -73.95224029
 -73.95224029 -73.95141092 -73.95141092 -73.95101127 -73.95101127
 -73.92555481 -73.92555481 -73.90628411 -73.90628411 -73.89900165
 -73.89900165 -73.89290639 -73.89290639 -73.872866   -73.872866
 -73.85824004 -73.85824004 -73.84022796 -73.84022796 -73.82398194
 -73.82398194 -73.81863172 -73.81863172 -73.81105505 -73.81105505
 -73.78727979 -73.78727979 -73.74306421 -73.74306421 -73.67888719
 -73.67888719 -73.63069676 -73.63069676 -73.60958359 -73.60958359
 -73.56052328 -73.56052328 -73.46741036 -73.46741036 -73.45368446
 -73.45368446 -73.36910856 -73.36910856 -73.30473686 -73.30473686
 -73.26296299 -73.26296299 -73.25555759 -73.25555759 -73.19970544
 -73.19970544 -73.17876601 -73.17876601 -73.13571663 -73.13571663
 -73.09271324 -73.09271324 -73.08489149 -73.08489149 -73.06635921
 -73.06635921 -72.98412418 -72.98412418 -72.97195163 -72.97195163
 -72.95159535 -72.95159535 -72.92201807 -72.92201807 -72.8657135
 -72.8657135  -72.83783163 -72.83783163 -72.81996783 -72.81996783
 -72.62426017 -72.62426017 -72.20792767 -72.20792767 -72.12734967
 -72.12734967 -71.81241245 -71.81241245 -71.6359837  -71.6359837
 -71.51741067 -71.51741067 -71.4382386  -71.4382386  -71.4365423
 -71.4365423  -71.41490554 -71.41490554 -71.40937731 -71.40937731
 -71.33407502 -71.33407502 -71.33096528 -71.33096528 -71.26788155
 -71.26788155 -71.23929927 -71.23929927 -71.21413462 -71.21413462
 -71.14668632 -71.14668632 -71.11752819 -71.11752819 -71.10221238
 -71.10221238 -71.04184964 -71.04184964 -71.03912094 -71.03912094
 -71.02459588 -71.02459588 -71.02291945 -71.02291945 -70.99746557
 -70.99746557 -70.980423   -70.980423   -70.96966828 -70.96966828
 -70.93575802 -70.93575802 -70.91557824 -70.91557824 -70.89716184
 -70.89716184 -70.85794818 -70.85794818 -70.84019896 -70.84019896
 -70.76636908 -70.76636908 -70.75912896 -70.75912896 -70.74161265
 -70.74161265 -70.70557137 -70.70557137 -70.68129433 -70.68129433
 -70.6506359  -70.6506359  -70.63660319 -70.63660319 -70.61447617
 -70.61447617 -70.59887311 -70.59887311 -70.58415964 -70.58415964
 -70.53936227 -70.53936227 -70.53598161 -70.53598161 -70.5030447
 -70.5030447  -70.48858877 -70.48858877 -70.46191569 -70.46191569
 -70.42063424 -70.42063424 -70.41294198 -70.41294198 -70.38007494
 -70.38007494 -70.3591501  -70.3591501  -70.32624952 -70.32624952
 -70.22137616 -70.22137616 -70.18864146 -70.18864146 -70.17646246
 -70.17646246 -70.16781317 -70.16781317 -70.02792028 -70.02792028
 -70.00360137 -70.00360137 -69.95296147 -69.95296147 -69.88080096
 -69.88080096 -69.84706083 -69.84706083 -69.8237989  -69.8237989
 -69.77271534 -69.77271534 -69.75845955 -69.75845955 -69.75317667
 -69.75317667 -69.69064044 -69.69064044 -69.67404032 -69.67404032
 -69.64154796 -69.64154796 -69.60128489 -69.60128489 -69.55639243
 -69.55639243 -69.55509865 -69.55509865 -69.55049404 -69.55049404
 -69.54525165 -69.54525165 -69.53669897 -69.53669897 -69.51917894
 -69.51917894 -69.49335898 -69.49335898 -69.43889403 -69.43889403
 -69.41740018 -69.41740018 -69.41585641 -69.41585641 -69.40724544
 -69.40724544 -69.40536458 -69.40536458 -69.40026568 -69.40026568
 -69.38436394 -69.38436394 -69.34228428 -69.34228428 -69.32982806
 -69.32982806 -69.32222687 -69.32222687 -69.30678708 -69.30678708
 -69.29751244 -69.29751244 -69.29500527 -69.29500527 -69.23137588
 -69.23137588 -69.22625772 -69.22625772 -69.16546395 -69.16546395
 -69.13197556 -69.13197556 -69.12386465 -69.12386465 -69.09456882
 -69.09456882 -69.06877517 -69.06877517 -69.06149692 -69.06149692
 -69.05215479 -69.05215479 -68.9867903  -68.9867903  -68.96885626
 -68.96885626 -68.8473501  -68.8473501  -68.83169947 -68.83169947
 -68.79108027 -68.79108027 -68.75394136 -68.75394136 -68.71221191
 -68.71221191 -68.66665417 -68.66665417 -68.66377828 -68.66377828
 -68.65852737 -68.65852737 -68.64202444 -68.64202444 -68.5484234
 -68.5484234  -68.25310894 -68.25310894 -68.24038155 -68.24038155
 -68.17510963 -68.17510963 -68.10247733 -68.10247733 -68.09010132
 -68.09010132 -68.03904719 -68.03904719 -68.03766125 -68.03766125
 -67.6808257  -67.6808257  -67.59972024 -67.59972024 -67.57320195
 -67.57320195 -67.5362955  -67.5362955  -67.45856465 -67.45856465
 -67.40624287 -67.40624287 -67.26208038 -67.26208038 -67.24220644
 -67.24220644 -62.82229831 -62.82229831 -59.68719099 -59.68719099
 -59.00369068 -59.00369068 -58.41837669 -58.41837669]
