1.5 array([-0.021297  , -0.021297  , -0.021297  ,  0.        ,  0.1574463 ,
        0.16448696,  0.16448696,  0.20833002,  0.20833002,  0.32511367])
1.6 array([0.        , 0.00411755, 0.00411755, 0.00411755, 0.13686268,
       0.16391053, 0.16391053, 0.33593484, 0.52350616, 0.52350616])
1.7 array([0.        , 0.0282051 , 0.0282051 , 0.0282051 , 0.13915901,
       0.13915901, 0.14300327, 0.35717336, 0.51594581, 0.51594581])
1.8 array([0.04809026, 0.04809026, 0.04809026, 0.12602425, 0.12602425,
       0.12602425, 0.38166653, 0.51597399, 0.51675775, 0.51675775])
1.9 array([0.06361397, 0.06361397, 0.06361397, 0.11876253, 0.11876253,
       0.40573673, 0.52116584, 0.52116584, 0.55854923, 0.55854923])
2.0 array([0.07542527, 0.07542527, 0.07542527, 0.11453193, 0.11453193,
       0.42806159, 0.52711427, 0.52711427, 0.55503083, 0.55503083])
2.1 array([0.08426539, 0.08426539, 0.08426539, 0.11196566, 0.11196566,
       0.44826365, 0.53369635, 0.53369635, 0.55423915, 0.55423915])
2.2 array([0.0907979 , 0.0907979 , 0.0907979 , 0.11036632, 0.11036632,
       0.46631702, 0.54047558, 0.54047558, 0.55542183, 0.55542183])
2.3 array([0.09557678, 0.09557678, 0.09557678, 0.10935164, 0.10935164,
       0.48232459, 0.54722601, 0.54722601, 0.55799983, 0.55799983])
2.4 array([0.09904355, 0.09904355, 0.09904355, 0.10870113, 0.10870113,
       0.49642662, 0.55382475, 0.55382475, 0.56152819, 0.56152819])
2.5 array([0.1015411 , 0.1015411 , 0.1015411 , 0.1082814 , 0.1082814 ,
       0.50876081, 0.56020446, 0.56020446, 0.56567117, 0.56567117])
