1.5 , -1.9682277874412017 , array([-1.98952479, -1.98952479, -1.98952479, -1.96822779, -1.81078148,
       -1.80374083, -1.80374083, -1.75989777, -1.75989777, -1.64311412])
1.6 , -1.9611719895909165 , array([-1.96117199, -1.95705444, -1.95705444, -1.95705444, -1.82430931,
       -1.79726146, -1.79726146, -1.62523715, -1.43766583, -1.43766583])
1.7 , -1.9639028379636663 , array([-1.96390284, -1.93569774, -1.93569774, -1.93569774, -1.82474383,
       -1.82474383, -1.82089957, -1.60672948, -1.44795703, -1.44795703])
1.8 , -1.969861443220115 , array([-1.92177118, -1.92177118, -1.92177118, -1.84383719, -1.84383719,
       -1.84383719, -1.58819491, -1.45388746, -1.4531037 , -1.4531037 ])
1.9 , -1.9758562822388446 , array([-1.91224232, -1.91224232, -1.91224232, -1.85709375, -1.85709375,
       -1.57011955, -1.45469045, -1.45469045, -1.41730705, -1.41730705])
2.0 , -1.9809283185936255 , array([-1.90550305, -1.90550305, -1.90550305, -1.86639639, -1.86639639,
       -1.55286673, -1.45381405, -1.45381405, -1.42589749, -1.42589749])
2.1 , -1.984940917507529 , array([-1.90067553, -1.90067553, -1.90067553, -1.87297526, -1.87297526,
       -1.53667727, -1.45124457, -1.45124457, -1.43070177, -1.43070177])
2.2 , -1.9880103252901709 , array([-1.89721243, -1.89721243, -1.89721243, -1.87764401, -1.87764401,
       -1.5216933 , -1.44753474, -1.44753474, -1.4325885 , -1.4325885 ])
2.3 , -1.9903114632902352 , array([-1.89473469, -1.89473469, -1.89473469, -1.88095982, -1.88095982,
       -1.50798688, -1.44308546, -1.44308546, -1.43231163, -1.43231163])
2.4 , -1.9920123200581301 , array([-1.89296877, -1.89296877, -1.89296877, -1.88331119, -1.88331119,
       -1.4955857 , -1.43818757, -1.43818757, -1.43048413, -1.43048413])
2.5 , -1.993255407650228 , array([-1.8917143 , -1.8917143 , -1.8917143 , -1.884974  , -1.884974  ,
       -1.4844946 , -1.43305095, -1.43305095, -1.42758424, -1.42758424])
