1.5 array([0.        , 0.03230886, 0.11724754, 0.15138419, 0.15138419,
       0.25288678, 0.31635768, 0.52333436, 0.52333436, 0.53095546])
1.6 array([0.        , 0.03815478, 0.12124869, 0.12890501, 0.15545913,
       0.23148805, 0.33400635, 0.51000016, 0.51619413, 0.5352769 ])
1.7 array([0.        , 0.05022635, 0.11843433, 0.13761598, 0.16574918,
       0.2219873 , 0.35879702, 0.50852654, 0.51350727, 0.55459447])
1.8 array([0.        , 0.06276279, 0.11336103, 0.15533161, 0.17662363,
       0.21775576, 0.38471158, 0.51224112, 0.51620816, 0.55291089])
1.9 array([0.        , 0.07363459, 0.11072616, 0.17052671, 0.18604167,
       0.21583079, 0.40930847, 0.51813919, 0.52127006, 0.5488807 ])
2.0 array([0.        , 0.08237906, 0.10928683, 0.18248721, 0.19358148,
       0.21497543, 0.43179674, 0.52494489, 0.52739278, 0.54767652])
2.1 array([0.        , 0.08913374, 0.1084787 , 0.19152745, 0.19938096,
       0.21463713, 0.45200732, 0.53207123, 0.5339658 , 0.54861441])
2.2 array([0.        , 0.09422083, 0.1080212 , 0.19821018, 0.20373646,
       0.21455003, 0.47000391, 0.53922331, 0.54067287, 0.5511163 ])
2.3 array([0.        , 0.09798621, 0.10776429, 0.20308356, 0.20695599,
       0.21457968, 0.48593251, 0.54624353, 0.54733749, 0.55470875])
2.4 array([0.        , 0.10073851, 0.10762359, 0.20660501, 0.20930875,
       0.21465674, 0.49995705, 0.55304533, 0.55385633, 0.55901911])
2.5 array([0.        , 0.10273109, 0.10755013, 0.20913197, 0.21101278,
       0.21474591, 0.51222876, 0.55958202, 0.56016671, 0.56376447])
