1.5 , array([-1.95512501, -1.92281616, -1.83787747, -1.80374083, -1.80374083,
       -1.70223823, -1.63876733, -1.43179065, -1.43179065, -1.42416955])
1.6 , array([-1.95520257, -1.91704778, -1.83395387, -1.82629756, -1.79974344,
       -1.72371452, -1.62119622, -1.44520241, -1.43900844, -1.41992567])
1.7 , array([-1.96153339, -1.91130704, -1.84309906, -1.82391741, -1.79578421,
       -1.73954609, -1.60273637, -1.45300685, -1.44802612, -1.40693892])
1.8 , array([-1.96891482, -1.90615203, -1.85555378, -1.81358321, -1.79229119,
       -1.75115906, -1.58420324, -1.4566737 , -1.45270666, -1.41600393])
1.9 , array([-1.97546628, -1.90183169, -1.86474012, -1.80493957, -1.78942461,
       -1.75963549, -1.56615781, -1.45732709, -1.45419622, -1.42658558])
2.0 , array([-1.98076729, -1.89838823, -1.87148046, -1.79828008, -1.78718581,
       -1.76579186, -1.54897055, -1.4558224 , -1.45337451, -1.43309077])
2.1 , array([-1.98487827, -1.89574454, -1.87639957, -1.79335083, -1.78549731,
       -1.77024115, -1.53287095, -1.45280705, -1.45091247, -1.43626387])
2.2 , array([-1.98799112, -1.89377029, -1.87996992, -1.78978094, -1.78425466,
       -1.77344109, -1.51798721, -1.44876781, -1.44731825, -1.43687482])
2.3 , array([-1.99031121, -1.89232501, -1.88254692, -1.78722765, -1.78335522,
       -1.77573153, -1.5043787 , -1.44406768, -1.44297372, -1.43560246])
2.4 , array([-1.99201991, -1.8912814 , -1.88439632, -1.7854149 , -1.78271116,
       -1.77736317, -1.49206286, -1.43897458, -1.43816358, -1.43300081])
2.5 , array([-1.99326574, -1.89053466, -1.88571561, -1.78413378, -1.78225297,
       -1.77851983, -1.48103699, -1.43368372, -1.43309903, -1.42950127])
