1.5 array([0.04070883, 0.13937751, 0.15138419, 0.20963754, 0.25288678,
       0.32115818, 0.52333436, 0.53095546, 0.54055164, 0.54094192,
       0.5977317 , 0.60446988, 0.65474991, 0.70191538, 0.72179509,
       0.73566508, 0.7366266 , 0.83361964, 0.83678561, 0.84955935,
       0.92256066, 1.0429086 , 1.04841375, 1.32727157, 1.49047783,
       1.51093164])
1.6 array([0.04797528, 0.13627409, 0.15182657, 0.15545913, 0.23148805,
       0.33969679, 0.51944593, 0.52188968, 0.5352769 , 0.54379807,
       0.57918372, 0.58801042, 0.63910833, 0.66752007, 0.70105332,
       0.70961426, 0.72348894, 0.81301699, 0.8142719 , 0.81776144,
       0.88528658, 0.9857886 , 0.99131022, 1.26393406, 1.48362304,
       1.49237518])
1.7 array([0.058433  , 0.12950328, 0.15341242, 0.16574918, 0.2219873 ,
       0.36877721, 0.51202389, 0.517669  , 0.55459447, 0.56399445,
       0.56725222, 0.59241233, 0.61177901, 0.68631318, 0.6890585 ,
       0.68966532, 0.72506592, 0.79398396, 0.80739749, 0.8113986 ,
       0.86069146, 0.94665354, 0.9521082 , 1.20819296, 1.49361252,
       1.49818649])
1.8 array([0.06784766, 0.11705483, 0.16243687, 0.17662363, 0.21775576,
       0.38923361, 0.51455277, 0.51679843, 0.55944379, 0.57509535,
       0.58538471, 0.60083158, 0.60196505, 0.67097341, 0.68349   ,
       0.70557927, 0.7320647 , 0.7847286 , 0.80604357, 0.81093072,
       0.84358977, 0.91820318, 0.92350867, 1.18981635, 1.51238694,
       1.51488175])
1.9 array([0.07705727, 0.11193315, 0.17419442, 0.18603713, 0.21582624,
       0.41286555, 0.51969294, 0.52126981, 0.55530023, 0.59419133,
       0.59531114, 0.60537997, 0.61519587, 0.65503049, 0.67992669,
       0.72329785, 0.74100765, 0.78124527, 0.80650098, 0.81325672,
       0.83285453, 0.89689039, 0.9019587 , 1.17545713, 1.53576754,
       1.53726739])
2.0 array([0.0845024 , 0.1097811 , 0.18422854, 0.19358067, 0.21497462,
       0.43450618, 0.52592908, 0.52752539, 0.55314589, 0.59043824,
       0.61099727, 0.62307356, 0.62993968, 0.64175615, 0.67777691,
       0.7390326 , 0.75053227, 0.78138129, 0.80655628, 0.8170279 ,
       0.82743787, 0.88098299, 0.88571983, 1.1648139 , 1.56155244,
       1.56228133])
2.1 array([0.0905268 , 0.10868161, 0.19235761, 0.19938084, 0.214637  ,
       0.4541791 , 0.53271754, 0.53431513, 0.55328619, 0.58673335,
       0.62526571, 0.63061107, 0.6381866 , 0.64331315, 0.6764362 ,
       0.75285149, 0.76003051, 0.78378827, 0.80517896, 0.82156893,
       0.82696599, 0.86945356, 0.87376425, 1.15687451, 1.58842095,
       1.58877204])
2.2 array([0.09518907, 0.1081026 , 0.19860747, 0.20373645, 0.21455001,
       0.47181088, 0.53966115, 0.54119381, 0.55512489, 0.58383143,
       0.62138936, 0.6370433 , 0.65073424, 0.65478107, 0.67558898,
       0.76498731, 0.76923027, 0.7875809 , 0.80360861, 0.82651988,
       0.82960088, 0.86158887, 0.86539011, 1.15092042, 1.61554517,
       1.61571303])
2.3 array([0.09869857, 0.10779504, 0.20327403, 0.20695599, 0.21457968,
       0.4874797 , 0.54654775, 0.54796586, 0.55816805, 0.5815116 ,
       0.61387755, 0.64651268, 0.66087497, 0.66415803, 0.67505178,
       0.77569351, 0.77800591, 0.79216781, 0.80313083, 0.83166544,
       0.83360397, 0.85679271, 0.86002758, 1.14644822, 1.64238491,
       1.6424646 ])
2.4 array([0.10129182, 0.10763384, 0.20669627, 0.20930875, 0.21465674,
       0.50131334, 0.55326111, 0.55453832, 0.56202453, 0.57962992,
       0.60787937, 0.65393362, 0.66885596, 0.67150233, 0.67471247,
       0.78520559, 0.78630582, 0.79717158, 0.80411039, 0.83686961,
       0.83816821, 0.8545103 , 0.85716124, 1.14309098, 1.6685899 ,
       1.66862746])
2.5 array([0.10318281, 0.10755274, 0.20917557, 0.21101277, 0.21474591,
       0.51344188, 0.55973787, 0.56086279, 0.56639557, 0.57808904,
       0.60323106, 0.6596075 , 0.67450026, 0.67497825, 0.67704077,
       0.79373076, 0.79411776, 0.80236751, 0.80643292, 0.84204367,
       0.84294576, 0.85420946, 0.8563026 , 1.14057544, 1.69393991,
       1.69395747])
