1.5 -1.9551250116003074 , array([-1.91441619, -1.81574751, -1.80374083, -1.74548747, -1.70223823,
       -1.63396683, -1.43179065, -1.42416955, -1.41457337, -1.41418309,
       -1.35739331, -1.35065513, -1.3003751 , -1.25320963, -1.23332992,
       -1.21945994, -1.21849841, -1.12150538, -1.1183394 , -1.10556566,
       -1.03256435, -0.91221641, -0.90671126, -0.62785344, -0.46464718,
       -0.44419337])
1.6 -1.9552025674635058 , array([-1.90722729, -1.81892848, -1.803376  , -1.79974344, -1.72371452,
       -1.61550578, -1.43575663, -1.43331289, -1.41992567, -1.4114045 ,
       -1.37601885, -1.36719215, -1.31609424, -1.2876825 , -1.25414925,
       -1.24558831, -1.23171363, -1.14218557, -1.14093067, -1.13744113,
       -1.06991599, -0.96941397, -0.96389235, -0.69126851, -0.47157953,
       -0.46282739])
1.7 -1.961533389961117 , array([-1.90310039, -1.83203011, -1.80812097, -1.79578421, -1.73954609,
       -1.59275618, -1.4495095 , -1.44386439, -1.40693892, -1.39753894,
       -1.39428117, -1.36912106, -1.34975438, -1.27522021, -1.27247489,
       -1.27186807, -1.23646747, -1.16754943, -1.1541359 , -1.15013479,
       -1.10084193, -1.01487985, -1.00942519, -0.75334043, -0.46792087,
       -0.4633469 ])
1.8 -1.9689148191571704 , array([-1.90106716, -1.85185998, -1.80647795, -1.79229119, -1.75115906,
       -1.57968121, -1.45436205, -1.45211639, -1.40947103, -1.39381947,
       -1.38353011, -1.36808324, -1.36694977, -1.29794141, -1.28542482,
       -1.26333555, -1.23685012, -1.18418622, -1.16287125, -1.1579841 ,
       -1.12532505, -1.05071164, -1.04540615, -0.77909847, -0.45652788,
       -0.45403307])
1.9 -1.9754617370433216 , array([-1.89840447, -1.86352859, -1.80126732, -1.78942461, -1.75963549,
       -1.56259619, -1.4557688 , -1.45419193, -1.4201615 , -1.3812704 ,
       -1.3801506 , -1.37008176, -1.36026587, -1.32043125, -1.29553505,
       -1.25216389, -1.23445409, -1.19421647, -1.16896076, -1.16220501,
       -1.14260721, -1.07857135, -1.07350303, -0.8000046 , -0.4396942 ,
       -0.43819435])
2.0 -1.9807664802874536 , array([-1.89626408, -1.87098538, -1.79653794, -1.78718581, -1.76579186,
       -1.5462603 , -1.4548374 , -1.45324109, -1.42762059, -1.39032824,
       -1.36976921, -1.35769292, -1.3508268 , -1.33901033, -1.30298957,
       -1.24173388, -1.23023421, -1.19938519, -1.1742102 , -1.16373858,
       -1.15332861, -1.09978349, -1.09504665, -0.81595258, -0.41921404,
       -0.41848515])
2.1 -1.984878148476852 , array([-1.89435135, -1.87619654, -1.79252054, -1.78549731, -1.77024115,
       -1.53069905, -1.45216061, -1.45056302, -1.43159196, -1.3981448 ,
       -1.35961243, -1.35426708, -1.34669155, -1.341565  , -1.30844195,
       -1.23202666, -1.22484764, -1.20108988, -1.17969919, -1.16330921,
       -1.15791216, -1.11542459, -1.1111139 , -0.82800364, -0.3964572 ,
       -0.39610611])
2.2 -1.9879911064029063 , array([-1.89280204, -1.8798885 , -1.78938363, -1.78425466, -1.77344109,
       -1.51618023, -1.44832996, -1.44679729, -1.43286622, -1.40415967,
       -1.36660175, -1.3509478 , -1.33725687, -1.33321004, -1.31240213,
       -1.2230038 , -1.21876083, -1.2004102 , -1.18438249, -1.16147123,
       -1.15839023, -1.12640223, -1.12260099, -0.83707069, -0.37244594,
       -0.37227808])
2.3 -1.9903112111140315 , array([-1.89161265, -1.88251617, -1.78703718, -1.78335522, -1.77573153,
       -1.50283152, -1.44376346, -1.44234535, -1.43214316, -1.40879961,
       -1.37643366, -1.34379853, -1.32943624, -1.32615318, -1.31525944,
       -1.2146177 , -1.2123053 , -1.1981434 , -1.18718039, -1.15864577,
       -1.15670724, -1.1335185 , -1.13028363, -0.84386299, -0.3479263 ,
       -0.34784661])
2.4 -1.992019911115619 , array([-1.89072809, -1.88438607, -1.78532364, -1.78271116, -1.77736317,
       -1.49070657, -1.4387588 , -1.43748159, -1.42999538, -1.41239   ,
       -1.38414054, -1.33808629, -1.32316395, -1.32051758, -1.31730744,
       -1.20681432, -1.20571409, -1.19484833, -1.18790952, -1.1551503 ,
       -1.15385171, -1.13750962, -1.13485867, -0.84892893, -0.32343001,
       -0.32339245])
2.5 -1.9932657387604797 , array([-1.89008293, -1.885713  , -1.78409017, -1.78225297, -1.77851983,
       -1.47982386, -1.43352786, -1.43240295, -1.42687017, -1.4151767 ,
       -1.39003468, -1.33365824, -1.31876547, -1.31828749, -1.31622497,
       -1.19953498, -1.19914798, -1.19089823, -1.18683281, -1.15122207,
       -1.15031998, -1.13905628, -1.13696314, -0.8526903 , -0.29932583,
       -0.29930827])
