1.1 -1.2767658093908 [-1.41409571 -1.41409571 -1.41409571 -1.41409569 -1.41409569 -1.41409569
 -1.39244396 -1.39244395 -1.28264962 -1.28264962]
1.105 -1.2835776946063373 [-1.41839465 -1.41839465 -1.41839465 -1.41839464 -1.41839464 -1.41839464
 -1.39652943 -1.39652942 -1.28258475 -1.28258475]
1.11 -1.2902882342252353 [-1.42262404 -1.42262404 -1.42262404 -1.42262403 -1.42262403 -1.42262403
 -1.40056656 -1.40056655 -1.2824907  -1.2824907 ]
1.115 -1.296898152494311 [-1.4267851  -1.4267851  -1.4267851  -1.42678508 -1.42678508 -1.42678508
 -1.40455536 -1.40455535 -1.28236813 -1.28236813]
1.12 -1.3034082560251727 [-1.43087902 -1.43087902 -1.43087902 -1.430879   -1.430879   -1.430879
 -1.40849591 -1.40849589 -1.2822177  -1.2822177 ]
1.125 -1.3098194203660418 [-1.43490699 -1.43490699 -1.43490699 -1.43490698 -1.43490698 -1.43490698
 -1.41238831 -1.4123883  -1.28204004 -1.28204004]
1.1300000000000001 -1.3161325785907694 [-1.43887017 -1.43887017 -1.43887017 -1.43887015 -1.43887015 -1.43887015
 -1.41623275 -1.41623274 -1.28183578 -1.28183578]
1.135 -1.3223487112880898 [-1.44276969 -1.44276969 -1.44276969 -1.44276967 -1.44276967 -1.44276967
 -1.42002944 -1.42002943 -1.28160555 -1.28160555]
1.1400000000000001 -1.3284688406881853 [-1.44660666 -1.44660666 -1.44660666 -1.44660665 -1.44660665 -1.44660665
 -1.42377862 -1.42377861 -1.28134997 -1.28134997]
1.145 -1.3344940105007468 [-1.45038219 -1.45038219 -1.45038219 -1.45038217 -1.45038217 -1.45038217
 -1.42748057 -1.42748056 -1.28106962 -1.28106962]
1.1500000000000001 -1.3404253052902928 [-1.45409733 -1.45409733 -1.45409733 -1.45409732 -1.45409732 -1.45409732
 -1.43113561 -1.43113559 -1.28076511 -1.28076511]
1.155 -1.3462638193169705 [-1.45775315 -1.45775315 -1.45775315 -1.45775314 -1.45775314 -1.45775314
 -1.43474406 -1.43474404 -1.28043702 -1.28043702]
0.8 , -1.1158948558044732 , array([-1.20437901, -1.204379  , -1.204379  , -1.11245553, -0.98015971,
       -0.98015971])
0.9 , -1.2068223577356332 , array([-1.25425618, -1.25425618, -1.17769504, -1.17769504, -1.16974774,
       -1.16974774])
1.0 , -1.120178164083383 , array([-1.31137947, -1.31137947, -1.31137947, -1.31137946, -1.31137946,
       -1.30152541])
1.1 , -1.2767658093921097 , array([-1.41409571, -1.41409571, -1.41409571, -1.41409569, -1.41409569,
       -1.39244396])
1.2000000000000002 , -1.3948210393804452 , array([-1.48815017, -1.48815017, -1.48815017, -1.48815015, -1.48815015,
       -1.46518837])
1.3 , -1.480202199519968 , array([-1.54205369, -1.54205369, -1.54205369, -1.54205368, -1.54205368,
       -1.52106264])
1.4000000000000001 , -1.540820051498697 , array([-1.58160316, -1.58160316, -1.58160316, -1.58160314, -1.58160314,
       -1.56363532])
1.5 , -1.5827931756454683 , array([-1.61076827, -1.61076827, -1.61076827, -1.61076826, -1.61076826,
       -1.59597251])
1.6 , -1.6107547940680689 , array([-1.63231828, -1.63231828, -1.63231828, -1.63231827, -1.63231827,
       -1.62044513])
1.7000000000000002 , -1.62826393625355 , array([-1.64823515, -1.64823515, -1.64823515, -1.64823513, -1.64823513,
       -1.63887838])
1.8 , -1.6380689368153196 , array([-1.65996794, -1.65996794, -1.65996794, -1.65996792, -1.65996792,
       -1.65268965])
1.9000000000000001 , -1.6422791822586342 , array([-1.66858996, -1.66858996, -1.66858996, -1.66858995, -1.66858995,
       -1.66298241])
2.0 , -1.6424955425440884 , array([-1.67490109, -1.67490109, -1.67490109, -1.67490108, -1.67490108,
       -1.67061223])
2.1 , -1.6399196880338585 , array([-1.67949906, -1.67949906, -1.67949906, -1.67949904, -1.67949904,
       -1.67623818])
2.2 , -1.6354454787280148 , array([-1.68283113, -1.68283113, -1.68283113, -1.68283111, -1.68283111,
       -1.6803648 ])
2.3 , -1.6297325187856218 , array([-1.68523206, -1.68523206, -1.68523206, -1.68523204, -1.68523204,
       -1.6833761 ])
2.4000000000000004 , -1.623263270000741 , array([-1.68695201, -1.68695201, -1.68695201, -1.68695199, -1.68695199,
       -1.68556273])
2.5 , -1.6163865442779008 , array([-1.68817717, -1.68817717, -1.68817717, -1.68817715, -1.68817715,
       -1.68714315])
2.6 , -1.6093505368886953 , array([-1.68904523, -1.68904523, -1.68904523, -1.68904521, -1.68904521,
       -1.68828055])
2.7 , -1.6023280908102164 , array([-1.68965717, -1.68965717, -1.68965717, -1.68965715, -1.68965715,
       -1.68909568])
0.8 , -1.1160429721162006 , array([-1.20451922, -1.20451922, -1.20451922, -1.11604297, -1.11604297,
       -1.1126035 , -0.98034736, -0.98034736, -0.98034736, -0.96521467,
       -0.96521467, -0.96521467, -0.93755761, -0.85189629, -0.8383621 ,
       -0.50866621])
0.9 , -1.2069733598751946 , array([-1.25439967, -1.25439967, -1.25439967, -1.20697336, -1.20697336,
       -1.20612495, -1.17785326, -1.17785326, -1.17785326, -1.16990666,
       -1.16990666, -1.16990666, -1.01030908, -1.00728243, -0.99677782,
       -0.82926793])
1.0 , -1.120311722453137 , array([-1.31151882, -1.31151882, -1.31151882, -1.31151881, -1.31151881,
       -1.31151881, -1.30166746, -1.30166745, -1.27687353, -1.27687353,
       -1.27687353, -1.12031172, -1.12031172, -1.06690715, -1.06690714,
       -0.96397523])
1.1 , -1.276872734274346 , array([-1.41422323, -1.41422323, -1.41422323, -1.41422321, -1.41422321,
       -1.41422321, -1.39257476, -1.39257475, -1.2827986 , -1.2827986 ,
       -1.2827986 , -1.27687273, -1.27687273, -1.08808983, -1.08808981,
       -0.98355762])
1.2000000000000002 , -1.394909249220611 , array([-1.48826955, -1.48826955, -1.48826955, -1.48826954, -1.48826954,
       -1.48826954, -1.46531053, -1.46531051, -1.39490925, -1.39490925,
       -1.27666671, -1.27666671, -1.27666671, -1.08640532, -1.08640532,
       -0.97803246])
1.3 , -1.480276949987624 , array([-1.54216724, -1.54216724, -1.54216724, -1.54216723, -1.54216723,
       -1.54216723, -1.52117841, -1.52117839, -1.48027695, -1.48027695,
       -1.26313951, -1.26313951, -1.26313951, -1.07325642, -1.07325642,
       -0.96221184])
1.4000000000000001 , -1.540884879373022 , array([-1.58171241, -1.58171241, -1.58171241, -1.58171239, -1.58171239,
       -1.58171239, -1.5637463 , -1.56374629, -1.54088488, -1.24557562,
       -1.24557562, -1.24557562, -1.05398829, -1.05398829, -0.98699606,
       -0.98699606])
1.5 , -1.5828506424876112 , array([-1.61087433, -1.61087433, -1.61087433, -1.61087431, -1.61087431,
       -1.61087431, -1.59607989, -1.59607987, -1.58285064, -1.22630772,
       -1.22630772, -1.22630772, -1.03167579, -1.03167579, -1.01935105,
       -1.01935105])
1.6 , -1.6108068339177841 , array([-1.63242197, -1.63242197, -1.63242197, -1.63242195, -1.63242195,
       -1.63242195, -1.62054982, -1.6205498 , -1.20691939, -1.20691939,
       -1.20691939, -1.04303256, -1.04303256, -1.0082064 , -0.89437789,
       -0.89437789])
1.7000000000000002 , -1.6283120170917198 , array([-1.64833709, -1.64833709, -1.64833709, -1.64833707, -1.64833707,
       -1.64833707, -1.63898106, -1.63898105, -1.18846448, -1.18846448,
       -1.18846448, -1.06030167, -1.06030167, -0.98474886, -0.91479907,
       -0.91479907])
1.8 , -1.6381141562345527 , array([-1.66006861, -1.66006861, -1.66006861, -1.66006859, -1.66006859,
       -1.66006859, -1.65279086, -1.65279084, -1.17162723, -1.17162723,
       -1.17162723, -1.07284398, -1.07284398, -0.9620162 , -0.92673201,
       -0.92673201])
1.9000000000000001 , -1.6423223458056455 , array([-1.66868971, -1.66868971, -1.66868971, -1.66868969, -1.66868969,
       -1.66868969, -1.66308255, -1.66308253, -1.15682811, -1.15682811,
       -1.08191553, -1.08191553, -0.93243203, -0.93243203, -0.93243202,
       -0.93243202])
2.0 , -1.642537232590341 , array([-1.67500017, -1.67500017, -1.67500017, -1.67500015, -1.67500015,
       -1.67500015, -1.67071159, -1.67071157, -1.14428222, -1.14428222,
       -1.08844789, -1.08844789, -0.93363861, -0.93363861, -0.93363859,
       -0.93363859])
2.1 , -1.6399603219018217 , array([-1.67959764, -1.67959764, -1.67959764, -1.67959763, -1.67959763,
       -1.67959763, -1.67633697, -1.67633696, -1.1340262 , -1.1340262 ,
       -1.09312882, -1.09312882, -0.93167129, -0.93167129, -0.93167128,
       -0.93167128])
2.2 , -1.6354853541471042 , array([-1.68292936, -1.68292936, -1.68292936, -1.68292934, -1.68292934,
       -1.68292934, -1.68046318, -1.68046316, -1.12593782, -1.12593782,
       -1.09646474, -1.09646474, -0.92751948, -0.92751948, -0.92751947,
       -0.92751947])
2.3 , -1.6297718480504524 , array([-1.68533003, -1.68533003, -1.68533003, -1.68533002, -1.68533002,
       -1.68533002, -1.68347419, -1.68347416, -1.11976963, -1.11976963,
       -1.09882801, -1.09882801, -0.92206338, -0.92206338, -0.92191841,
       -0.92191841])
2.4000000000000004 , -1.6233022049874253 , array([-1.6870498 , -1.6870498 , -1.6870498 , -1.68704978, -1.68704978,
       -1.68704978, -1.6856606 , -1.68566057, -1.11520118, -1.11520118,
       -1.10049197, -1.10049197, -0.91941766, -0.91941766, -0.91540973,
       -0.91540973])
2.5 , -1.6164251941920014 , array([-1.68827482, -1.68827482, -1.68827482, -1.68827481, -1.68827481,
       -1.68827481, -1.68724088, -1.68724086, -1.11189634, -1.11189634,
       -1.10165655, -1.10165655, -0.91541044, -0.91541044, -0.90838819,
       -0.90838819])
2.6 , -1.6093889806807802 , array([-1.68914278, -1.68914278, -1.68914278, -1.68914277, -1.68914277,
       -1.68914277, -1.68837816, -1.68837815, -1.10954753, -1.10954753,
       -1.1024671 , -1.1024671 , -0.91049717, -0.91049717, -0.90113738,
       -0.90113738])
2.7 , -1.6023663858874033 , array([-1.68975465, -1.68975465, -1.68975465, -1.68975463, -1.68975463,
       -1.68975463, -1.6891932 , -1.68919319, -1.10789906, -1.10789906,
       -1.10302848, -1.10302848, -0.90503491, -0.90503491, -0.89385717,
       -0.89385717])
